# omegabh2 omegach2 theta logA ns ampia redzia lumia a1phot a2phot a3phot a4phot a5phot a6phot a7phot meadnuis2
    0.2804891E-04    0.4309944E-04   -0.2396025E-06   -0.2386175E-03    0.1641272E-04    0.9563122E-02    0.6127439E-02    0.1811548E-02   -0.5749916E-05    0.1563255E-04   -0.1456081E-04   -0.1740118E-05   -0.9243464E-05   -0.3858941E-05    0.2988321E-04   -0.4655677E-04
    0.4309944E-04    0.8405288E-03    0.1379757E-02   -0.3419805E-02   -0.5127913E-03    0.6360553E-02    0.3076765E-01    0.1273649E-01   -0.8833523E-05    0.1347429E-04    0.5644926E-04    0.4294857E-05   -0.1214537E-03   -0.1118431E-03    0.9053428E-04   -0.1086687E-02
   -0.2396025E-06    0.1379757E-02    0.3327165E-02   -0.2401927E-02   -0.1193745E-02   -0.5938711E-01   -0.1622398E-01   -0.2371610E-01    0.3497047E-04    0.1055768E-03    0.2597689E-03    0.2132664E-03    0.1099265E-04   -0.1935759E-03    0.1592755E-03    0.1652723E-02
   -0.2386175E-03   -0.3419805E-02   -0.2401927E-02    0.6563443E-01    0.2760864E-02   -0.3779486E+00   -0.8088887E+00   -0.4214742E+00    0.2542767E-03   -0.5569622E-03   -0.3499663E-03   -0.5321728E-03    0.1944010E-04    0.9429890E-05   -0.3822442E-03   -0.9305125E-02
    0.1641272E-04   -0.5127913E-03   -0.1193745E-02    0.2760864E-02    0.1974853E-01    0.7271494E-01    0.2245722E+00   -0.2322310E-01    0.6544844E-04   -0.1104339E-03    0.1444369E-03   -0.4397319E-03    0.9929041E-04   -0.8312319E-04   -0.3810802E-03   -0.2915961E-02
    0.9563122E-02    0.6360553E-02   -0.5938711E-01   -0.3779486E+00    0.7271494E-01    0.8436024E+03    0.7886809E+02    0.4937149E+02    0.8242009E-01   -0.4622543E-01    0.1842930E-01    0.1016078E-01   -0.7647878E-01   -0.9337153E-01    0.8722444E-01    0.7226239E+00
    0.6127439E-02    0.3076765E-01   -0.1622398E-01   -0.8088887E+00    0.2245722E+00    0.7886809E+02    0.4147266E+03    0.6272243E+02    0.2594449E-01   -0.1634604E-01   -0.2637669E-02   -0.2717647E-01   -0.1341671E-01    0.1708144E-01   -0.1558016E-01   -0.1357480E+00
    0.1811548E-02    0.1273649E-01   -0.2371610E-01   -0.4214742E+00   -0.2322310E-01    0.4937149E+02    0.6272243E+02    0.1973026E+03   -0.2373245E-01    0.8900730E-02   -0.1076708E-01   -0.4111480E-01   -0.5803146E-01   -0.3679699E-01   -0.9206782E-03    0.2413416E+00
   -0.5749916E-05   -0.8833523E-05    0.3497047E-04    0.2542767E-03    0.6544844E-04    0.8242009E-01    0.2594449E-01   -0.2373245E-01    0.3178615E-02   -0.6368946E-04    0.8970604E-04   -0.2167387E-04   -0.3494106E-04   -0.1057033E-03    0.1366309E-04   -0.2695635E-03
    0.1563255E-04    0.1347429E-04    0.1055768E-03   -0.5569622E-03   -0.1104339E-03   -0.4622543E-01   -0.1634604E-01    0.8900730E-02   -0.6368946E-04    0.3031144E-02    0.1715539E-04    0.2034950E-03    0.4166686E-04    0.1787564E-03    0.3248070E-03    0.8341761E-03
   -0.1456081E-04    0.5644926E-04    0.2597689E-03   -0.3499663E-03    0.1444369E-03    0.1842930E-01   -0.2637669E-02   -0.1076708E-01    0.8970604E-04    0.1715539E-04    0.2668902E-02   -0.3649185E-04   -0.2647457E-05    0.2069544E-03   -0.1931300E-04    0.4953810E-03
   -0.1740118E-05    0.4294857E-05    0.2132664E-03   -0.5321728E-03   -0.4397319E-03    0.1016078E-01   -0.2717647E-01   -0.4111480E-01   -0.2167387E-04    0.2034950E-03   -0.3649185E-04    0.2836512E-02   -0.4878505E-04   -0.9110133E-04    0.9008408E-04    0.2812871E-03
   -0.9243464E-05   -0.1214537E-03    0.1099265E-04    0.1944010E-04    0.9929041E-04   -0.7647878E-01   -0.1341671E-01   -0.5803146E-01   -0.3494106E-04    0.4166686E-04   -0.2647457E-05   -0.4878505E-04    0.3036699E-02    0.3095773E-03   -0.1911213E-05   -0.1619207E-02
   -0.3858941E-05   -0.1118431E-03   -0.1935759E-03    0.9429890E-05   -0.8312319E-04   -0.9337153E-01    0.1708144E-01   -0.3679699E-01   -0.1057033E-03    0.1787564E-03    0.2069544E-03   -0.9110133E-04    0.3095773E-03    0.3254621E-02    0.2316475E-04   -0.2280608E-02
    0.2988321E-04    0.9053428E-04    0.1592755E-03   -0.3822442E-03   -0.3810802E-03    0.8722444E-01   -0.1558016E-01   -0.9206782E-03    0.1366309E-04    0.3248070E-03   -0.1931300E-04    0.9008408E-04   -0.1911213E-05    0.2316475E-04    0.3310384E-02    0.1360965E-02
   -0.4655677E-04   -0.1086687E-02    0.1652723E-02   -0.9305125E-02   -0.2915961E-02    0.7226239E+00   -0.1357480E+00    0.2413416E+00   -0.2695635E-03    0.8341761E-03    0.4953810E-03    0.2812871E-03   -0.1619207E-02   -0.2280608E-02    0.1360965E-02    0.2876436E+00
