# omegabh2 omegach2 theta logA ns alpha_SZ ystar_SZ bias_SZ scatter_SZ
    0.4024209E-05    0.1084096E-04    0.6674601E-05   -0.2979334E-04    0.1310798E-07   -0.5482989E-05    0.4375503E-06   -0.6857274E-05   -0.1029380E-06
    0.1084096E-04    0.4247283E-03    0.4102242E-03   -0.3428461E-02   -0.4831867E-05    0.1329517E-02   -0.4316381E-04   -0.4047321E-03   -0.2253144E-06
    0.6674601E-05    0.4102242E-03    0.4081017E-03   -0.3408639E-02   -0.5185710E-05    0.1310572E-02   -0.4155637E-04   -0.3748042E-03   -0.4083143E-06
   -0.2979334E-04   -0.3428461E-02   -0.3408639E-02    0.3499254E-01   -0.8322337E-04   -0.1313068E-01    0.4237759E-04   -0.1762037E-02    0.5113214E-05
    0.1310798E-07   -0.4831867E-05   -0.5185710E-05   -0.8322337E-04    0.2005328E-03    0.1193724E-03    0.1309642E-05    0.1282374E-04    0.1660394E-05
   -0.5482989E-05    0.1329517E-02    0.1310572E-02   -0.1313068E-01    0.1193724E-03    0.8109075E-02   -0.3680529E-05    0.2540381E-03   -0.6838994E-05
    0.4375503E-06   -0.4316381E-04   -0.4155637E-04    0.4237759E-04    0.1309642E-05   -0.3680529E-05    0.4380249E-03   -0.1255000E-04   -0.1857999E-05
   -0.6857274E-05   -0.4047321E-03   -0.3748042E-03   -0.1762037E-02    0.1282374E-04    0.2540381E-03   -0.1255000E-04    0.5169830E-02   -0.8817234E-05
   -0.1029380E-06   -0.2253144E-06   -0.4083143E-06    0.5113214E-05    0.1660394E-05   -0.6838994E-05   -0.1857999E-05   -0.8817234E-05    0.1015492E-03
