# omegabh2 omegach2 theta logA ns ampia redzia lumia a1phot a2phot a3phot a4phot a5phot a6phot a7phot meadnuis2 calPlanck alpha_SZ ystar_SZ bias_SZ scatter_SZ
    0.4178594E-05    0.4618862E-05    0.4143950E-05    0.8977864E-05    0.6011702E-06   -0.3352851E-02   -0.2521086E-03   -0.3746495E-03   -0.6459760E-05   -0.7793920E-06    0.2541504E-05   -0.1295378E-06    0.6058006E-05   -0.1096415E-05    0.2464025E-05    0.5999183E-04    0.3438197E-07   -0.1621051E-04    0.1787285E-06    0.4332710E-05    0.4695047E-06
    0.4618862E-05    0.8808101E-05    0.7758481E-05    0.2055350E-04   -0.2251570E-05   -0.7380556E-03   -0.1455550E-02   -0.2578315E-02   -0.1347096E-04    0.8442784E-05    0.1613700E-04    0.1245322E-05    0.5684076E-05    0.5129211E-06    0.1045947E-04    0.3342689E-04   -0.5922088E-06   -0.7702447E-05   -0.5608791E-05   -0.5977521E-04    0.7559488E-06
    0.4143950E-05    0.7758481E-05    0.1066361E-04    0.4404263E-04   -0.7092618E-05    0.1874642E-02   -0.3389628E-02   -0.5669913E-02   -0.1538199E-04    0.1403870E-04    0.1854655E-04    0.3123076E-05    0.9536557E-05   -0.9633299E-06    0.1975369E-04    0.3659240E-04   -0.6556333E-06   -0.3654464E-04   -0.5027436E-05   -0.5822336E-04    0.7802520E-06
    0.8977864E-05    0.2055350E-04    0.4404263E-04    0.3168966E-03   -0.2704126E-04    0.1952986E-01   -0.1631958E-01   -0.4364548E-01   -0.2384803E-04    0.6088032E-04    0.1182505E-03    0.3447539E-04    0.2771853E-04   -0.2177865E-04    0.1341067E-03    0.2746167E-03    0.6174488E-05   -0.2203425E-03   -0.2553269E-04   -0.3134668E-03    0.3903054E-05
    0.6011702E-06   -0.2251570E-05   -0.7092618E-05   -0.2704126E-04    0.1800562E-03    0.2655320E-01    0.1226070E-01   -0.4304840E-02   -0.2040988E-04   -0.1934442E-04    0.2583710E-04    0.4904127E-04    0.6883562E-04   -0.3331616E-04    0.1853636E-04    0.3906227E-06    0.8886270E-06    0.1004791E-03   -0.8240972E-05   -0.2030506E-04   -0.1377843E-05
   -0.3352851E-02   -0.7380556E-03    0.1874642E-02    0.1952986E-01    0.2655320E-01    0.8081904E+03    0.7500838E+00   -0.7961874E+02   -0.3205922E-01    0.4258726E-01    0.7767152E-01   -0.2438845E-01   -0.1852904E-01   -0.1133599E+00    0.1068843E+00   -0.1990496E-01   -0.8036810E-02   -0.2023083E-02    0.6283469E-02   -0.8725130E-01    0.7180113E-02
   -0.2521086E-03   -0.1455550E-02   -0.3389628E-02   -0.1631958E-01    0.1226070E-01    0.7500838E+00    0.4144643E+03    0.4112223E+02    0.4358484E-01    0.1781054E-01   -0.3560533E-01    0.1588852E-01    0.4106866E-01   -0.6743752E-01   -0.1218350E+00    0.7259215E-02    0.1998976E-02    0.3474055E-01    0.5390460E-02    0.1807779E-01   -0.1039672E-02
   -0.3746495E-03   -0.2578315E-02   -0.5669913E-02   -0.4364548E-01   -0.4304840E-02   -0.7961874E+02    0.4112223E+02    0.2258836E+03    0.5867095E-01    0.3664521E-01   -0.4759000E-01   -0.7602768E-01   -0.4977174E-01    0.6753741E-01   -0.6122366E-01    0.1670595E+00    0.2706818E-02    0.3463712E-01    0.1344496E-01    0.5207545E-01   -0.2262481E-02
   -0.6459760E-05   -0.1347096E-04   -0.1538199E-04   -0.2384803E-04   -0.2040988E-04   -0.3205922E-01    0.4358484E-01    0.5867095E-01    0.3112287E-02   -0.1150497E-03   -0.2581692E-03    0.1864390E-03   -0.1435583E-03    0.3041715E-04   -0.1721342E-03   -0.1518539E-02    0.1770566E-04   -0.1319785E-05    0.2696944E-04    0.7805959E-04   -0.6558728E-06
   -0.7793920E-06    0.8442784E-05    0.1403870E-04    0.6088032E-04   -0.1934442E-04    0.4258726E-01    0.1781054E-01    0.3664521E-01   -0.1150497E-03    0.2969931E-02    0.1269957E-03    0.1025637E-03    0.2258434E-03    0.3375841E-03    0.5641410E-04    0.1723995E-02   -0.2721188E-05   -0.6269580E-04   -0.9187201E-05   -0.1710605E-03    0.1168456E-04
    0.2541504E-05    0.1613700E-04    0.1854655E-04    0.1182505E-03    0.2583710E-04    0.7767152E-01   -0.3560533E-01   -0.4759000E-01   -0.2581692E-03    0.1269957E-03    0.2308795E-02   -0.9257124E-04    0.2918533E-03    0.4618683E-03    0.2844895E-03    0.1624707E-02   -0.1239346E-04   -0.2217539E-04   -0.6344068E-04   -0.2510545E-03    0.2171654E-04
   -0.1295378E-06    0.1245322E-05    0.3123076E-05    0.3447539E-04    0.4904127E-04   -0.2438845E-01    0.1588852E-01   -0.7602768E-01    0.1864390E-03    0.1025637E-03   -0.9257124E-04    0.2448846E-02    0.7740146E-04   -0.2016263E-03    0.1538544E-04    0.1582975E-03    0.3375401E-05    0.3081588E-05   -0.1262584E-05   -0.7791111E-04    0.2941318E-07
    0.6058006E-05    0.5684076E-05    0.9536557E-05    0.2771853E-04    0.6883562E-04   -0.1852904E-01    0.4106866E-01   -0.4977174E-01   -0.1435583E-03    0.2258434E-03    0.2918533E-03    0.7740146E-04    0.2782953E-02    0.4288844E-03   -0.1990762E-03   -0.1018669E-02   -0.9068268E-05   -0.6252398E-04   -0.3688445E-04    0.3515794E-04    0.1404330E-04
   -0.1096415E-05    0.5129211E-06   -0.9633299E-06   -0.2177865E-04   -0.3331616E-04   -0.1133599E+00   -0.6743752E-01    0.6753741E-01    0.3041715E-04    0.3375841E-03    0.4618683E-03   -0.2016263E-03    0.4288844E-03    0.3305202E-02   -0.1310068E-03    0.2531991E-03   -0.4515359E-05   -0.3236474E-04   -0.1452009E-04    0.2656635E-04    0.3984171E-05
    0.2464025E-05    0.1045947E-04    0.1975369E-04    0.1341067E-03    0.1853636E-04    0.1068843E+00   -0.1218350E+00   -0.6122366E-01   -0.1721342E-03    0.5641410E-04    0.2844895E-03    0.1538544E-04   -0.1990762E-03   -0.1310068E-03    0.3179291E-02   -0.9786315E-03    0.3302800E-05   -0.3971184E-04   -0.1866908E-04   -0.1930615E-03    0.2655030E-05
    0.5999183E-04    0.3342689E-04    0.3659240E-04    0.2746167E-03    0.3906227E-06   -0.1990496E-01    0.7259215E-02    0.1670595E+00   -0.1518539E-02    0.1723995E-02    0.1624707E-02    0.1582975E-03   -0.1018669E-02    0.2531991E-03   -0.9786315E-03    0.1671202E+00   -0.4644340E-04   -0.4752599E-03   -0.1213418E-03    0.5952527E-03    0.1134162E-03
    0.3438197E-07   -0.5922088E-06   -0.6556333E-06    0.6174488E-05    0.8886270E-06   -0.8036810E-02    0.1998976E-02    0.2706818E-02    0.1770566E-04   -0.2721188E-05   -0.1239346E-04    0.3375401E-05   -0.9068268E-05   -0.4515359E-05    0.3302800E-05   -0.4644340E-04    0.6623727E-05   -0.3171188E-05    0.2009390E-05    0.1471385E-05   -0.9922741E-06
   -0.1621051E-04   -0.7702447E-05   -0.3654464E-04   -0.2203425E-03    0.1004791E-03   -0.2023083E-02    0.3474055E-01    0.3463712E-01   -0.1319785E-05   -0.6269580E-04   -0.2217539E-04    0.3081588E-05   -0.6252398E-04   -0.3236474E-04   -0.3971184E-04   -0.4752599E-03   -0.3171188E-05    0.2405913E-02    0.6333220E-04    0.5428158E-04   -0.1817970E-04
    0.1787285E-06   -0.5608791E-05   -0.5027436E-05   -0.2553269E-04   -0.8240972E-05    0.6283469E-02    0.5390460E-02    0.1344496E-01    0.2696944E-04   -0.9187201E-05   -0.6344068E-04   -0.1262584E-05   -0.3688445E-04   -0.1452009E-04   -0.1866908E-04   -0.1213418E-03    0.2009390E-05    0.6333220E-04    0.4162199E-03   -0.2788161E-03   -0.2992845E-05
    0.4332710E-05   -0.5977521E-04   -0.5822336E-04   -0.3134668E-03   -0.2030506E-04   -0.8725130E-01    0.1807779E-01    0.5207545E-01    0.7805959E-04   -0.1710605E-03   -0.2510545E-03   -0.7791111E-04    0.3515794E-04    0.2656635E-04   -0.1930615E-03    0.5952527E-03    0.1471385E-05    0.5428158E-04   -0.2788161E-03    0.1770464E-02   -0.1001481E-04
    0.4695047E-06    0.7559488E-06    0.7802520E-06    0.3903054E-05   -0.1377843E-05    0.7180113E-02   -0.1039672E-02   -0.2262481E-02   -0.6558728E-06    0.1168456E-04    0.2171654E-04    0.2941318E-07    0.1404330E-04    0.3984171E-05    0.2655030E-05    0.1134162E-03   -0.9922741E-06   -0.1817970E-04   -0.2992845E-05   -0.1001481E-04    0.9972426E-04
