# omegabh2 omegach2 theta mnu logA ns ampia redzia lumia a1phot a2phot a3phot a4phot a5phot a6phot a7phot meadnuis2 calPlanck alpha_SZ ystar_SZ bias_SZ scatter_SZ
    0.1376244E-05    0.1750098E-05    0.8534073E-06   -0.8669169E-05   -0.2446487E-05    0.7601266E-06    0.3482274E-02    0.1024300E-02   -0.6067200E-02   -0.9712865E-05    0.1054406E-04   -0.1064225E-04    0.1043216E-06    0.7875905E-05   -0.1350475E-04   -0.1017163E-04   -0.5342439E-04   -0.3636847E-06   -0.2376124E-05   -0.1362272E-06   -0.2697893E-05   -0.4356216E-06
    0.1750098E-05    0.4703376E-05    0.2031018E-05   -0.2630617E-05   -0.2952722E-05    0.5446656E-05    0.5288947E-02    0.5860775E-03   -0.9051967E-02   -0.1938480E-04    0.2000048E-04   -0.9549663E-05   -0.9254249E-05    0.8070567E-05   -0.2177360E-04    0.4637883E-05   -0.6162288E-05   -0.1417834E-06    0.1534116E-04   -0.4062014E-05   -0.4763958E-04   -0.2340496E-06
    0.8534073E-06    0.2031018E-05    0.3153367E-05    0.3078166E-04    0.8094475E-05    0.2085448E-05    0.8499884E-03    0.4300108E-02   -0.5431749E-02   -0.1095044E-04    0.6606186E-05   -0.6539282E-05   -0.1616444E-04    0.1409421E-04   -0.1491719E-04    0.1442958E-04    0.2545284E-04   -0.1653176E-06    0.7168161E-07   -0.2015456E-05   -0.8963852E-05   -0.5279413E-07
   -0.8669169E-05   -0.2630617E-05    0.3078166E-04    0.4514735E-02    0.1615827E-03    0.5829328E-04   -0.2649680E+00   -0.9668890E-01    0.1171358E+00    0.9736494E-04   -0.1781894E-03   -0.1856856E-03   -0.2147104E-03    0.3378472E-03   -0.6999264E-03    0.2537269E-03    0.5066578E-03   -0.1030786E-04    0.8057694E-03   -0.5487521E-04    0.1027504E-02    0.1760829E-04
   -0.2446487E-05   -0.2952722E-05    0.8094475E-05    0.1615827E-03    0.1051199E-03    0.4062917E-05   -0.3227572E-01    0.5743838E-01   -0.7790235E-02    0.1390436E-03   -0.7984590E-04    0.1267413E-04   -0.3679930E-04    0.4962149E-04    0.4247574E-04    0.2524304E-04   -0.9462844E-05    0.4671518E-05   -0.3162574E-04   -0.3185149E-05   -0.1889681E-04   -0.4545443E-05
    0.7601266E-06    0.5446656E-05    0.2085448E-05    0.5829328E-04    0.4062917E-05    0.1277527E-03   -0.3634913E-01    0.8880089E-02   -0.2367299E-01    0.1495896E-03    0.9925634E-04    0.8808797E-04    0.1147225E-03    0.2090953E-03    0.2284797E-04    0.1266477E-04    0.2016256E-03    0.3194088E-05    0.1102327E-03    0.3242527E-05   -0.1430860E-03    0.5535140E-05
    0.3482274E-02    0.5288947E-02    0.8499884E-03   -0.2649680E+00   -0.3227572E-01   -0.3634913E-01    0.1315874E+03    0.3768334E+02   -0.2161796E+02   -0.1316395E+00    0.3772161E-01   -0.4740048E-01   -0.5379389E-01   -0.3323873E+00   -0.9550886E-01    0.3183816E-01    0.6577100E+00   -0.4306352E-02   -0.4646658E-01   -0.5957516E-02   -0.4356918E-01   -0.1146472E-01
    0.1024300E-02    0.5860775E-03    0.4300108E-02   -0.9668890E-01    0.5743838E-01    0.8880089E-02    0.3768334E+02    0.2056879E+03   -0.4807122E+02    0.1615724E+00   -0.2632795E-02   -0.6044755E-02    0.3870138E-01   -0.9799366E-01    0.1492439E-01   -0.1366672E+00    0.9976186E+00    0.5464531E-02   -0.1727944E-01   -0.6233355E-03   -0.5890922E-01   -0.1297523E-01
   -0.6067200E-02   -0.9051967E-02   -0.5431749E-02    0.1171358E+00   -0.7790235E-02   -0.2367299E-01   -0.2161796E+02   -0.4807122E+02    0.7588621E+02   -0.1027318E+00   -0.5090619E-01   -0.2469922E-01   -0.3150647E-01   -0.5008125E-01    0.9752327E-01    0.1440138E+00   -0.3008582E+00   -0.2198708E-02    0.1656868E-01   -0.3097893E-03    0.8173330E-01    0.6511083E-02
   -0.9712865E-05   -0.1938480E-04   -0.1095044E-04    0.9736494E-04    0.1390436E-03    0.1495896E-03   -0.1316395E+00    0.1615724E+00   -0.1027318E+00    0.2878883E-02    0.1517576E-03    0.2745455E-03    0.6656430E-03    0.2728838E-03    0.4933504E-03   -0.8271973E-03    0.1168003E-02    0.4839448E-06    0.1228711E-04    0.3926179E-05   -0.3446137E-04   -0.4956561E-05
    0.1054406E-04    0.2000048E-04    0.6606186E-05   -0.1781894E-03   -0.7984590E-04    0.9925634E-04    0.3772161E-01   -0.2632795E-02   -0.5090619E-01    0.1517576E-03    0.2367026E-02    0.1806663E-03   -0.2371431E-04   -0.9598265E-03   -0.1115567E-03   -0.1122897E-03    0.2643083E-02    0.8998675E-05    0.4626702E-04   -0.2599343E-04   -0.1324028E-03   -0.2346384E-04
   -0.1064225E-04   -0.9549663E-05   -0.6539282E-05   -0.1856856E-03    0.1267413E-04    0.8808797E-04   -0.4740048E-01   -0.6044755E-02   -0.2469922E-01    0.2745455E-03    0.1806663E-03    0.1599542E-02   -0.2587044E-05   -0.2214549E-03    0.6170585E-03    0.3496571E-03    0.8614271E-03    0.1846247E-04    0.6144562E-04    0.3443486E-04   -0.1773634E-03   -0.6466635E-05
    0.1043216E-06   -0.9254249E-05   -0.1616444E-04   -0.2147104E-03   -0.3679930E-04    0.1147225E-03   -0.5379389E-01    0.3870138E-01   -0.3150647E-01    0.6656430E-03   -0.2371431E-04   -0.2587044E-05    0.1817210E-02   -0.1710237E-03   -0.1580443E-03   -0.5933318E-03    0.2502588E-02    0.7594286E-05    0.7097855E-04   -0.7048551E-04    0.1105090E-03   -0.4141417E-04
    0.7875905E-05    0.8070567E-05    0.1409421E-04    0.3378472E-03    0.4962149E-04    0.2090953E-03   -0.3323873E+00   -0.9799366E-01   -0.5008125E-01    0.2728838E-03   -0.9598265E-03   -0.2214549E-03   -0.1710237E-03    0.3350772E-02    0.1664586E-03    0.2399838E-03   -0.7024107E-02   -0.1430014E-04    0.7074110E-04    0.8003936E-04   -0.9489688E-04    0.6858985E-04
   -0.1350475E-04   -0.2177360E-04   -0.1491719E-04   -0.6999264E-03    0.4247574E-04    0.2284797E-04   -0.9550886E-01    0.1492439E-01    0.9752327E-01    0.4933504E-03   -0.1115567E-03    0.6170585E-03   -0.1580443E-03    0.1664586E-03    0.2299548E-02    0.9859657E-03    0.2081160E-02   -0.5985945E-05   -0.7620952E-04    0.4094378E-04   -0.1582317E-03    0.6186935E-05
   -0.1017163E-04    0.4637883E-05    0.1442958E-04    0.2537269E-03    0.2524304E-04    0.1266477E-04    0.3183816E-01   -0.1366672E+00    0.1440138E+00   -0.8271973E-03   -0.1122897E-03    0.3496571E-03   -0.5933318E-03    0.2399838E-03    0.9859657E-03    0.2638185E-02   -0.2919659E-02   -0.9074677E-05    0.1667286E-03   -0.2779403E-04   -0.1885574E-03    0.2467973E-04
   -0.5342439E-04   -0.6162288E-05    0.2545284E-04    0.5066578E-03   -0.9462844E-05    0.2016256E-03    0.6577100E+00    0.9976186E+00   -0.3008582E+00    0.1168003E-02    0.2643083E-02    0.8614271E-03    0.2502588E-02   -0.7024107E-02    0.2081160E-02   -0.2919659E-02    0.1684355E+00    0.4188690E-06    0.5919304E-03   -0.5762847E-03   -0.2407775E-03   -0.3234042E-03
   -0.3636847E-06   -0.1417834E-06   -0.1653176E-06   -0.1030786E-04    0.4671518E-05    0.3194088E-05   -0.4306352E-02    0.5464531E-02   -0.2198708E-02    0.4839448E-06    0.8998675E-05    0.1846247E-04    0.7594286E-05   -0.1430014E-04   -0.5985945E-05   -0.9074677E-05    0.4188690E-06    0.4187277E-05   -0.6501934E-07   -0.4078836E-06   -0.1489318E-04   -0.2552540E-06
   -0.2376124E-05    0.1534116E-04    0.7168161E-07    0.8057694E-03   -0.3162574E-04    0.1102327E-03   -0.4646658E-01   -0.1727944E-01    0.1656868E-01    0.1228711E-04    0.4626702E-04    0.6144562E-04    0.7097855E-04    0.7074110E-04   -0.7620952E-04    0.1667286E-03    0.5919304E-03   -0.6501934E-07    0.2390896E-02    0.3138466E-04    0.7384144E-04   -0.5909414E-05
   -0.1362272E-06   -0.4062014E-05   -0.2015456E-05   -0.5487521E-04   -0.3185149E-05    0.3242527E-05   -0.5957516E-02   -0.6233355E-03   -0.3097893E-03    0.3926179E-05   -0.2599343E-04    0.3443486E-04   -0.7048551E-04    0.8003936E-04    0.4094378E-04   -0.2779403E-04   -0.5762847E-03   -0.4078836E-06    0.3138466E-04    0.3813009E-03   -0.3170236E-03    0.9951448E-06
   -0.2697893E-05   -0.4763958E-04   -0.8963852E-05    0.1027504E-02   -0.1889681E-04   -0.1430860E-03   -0.4356918E-01   -0.5890922E-01    0.8173330E-01   -0.3446137E-04   -0.1324028E-03   -0.1773634E-03    0.1105090E-03   -0.9489688E-04   -0.1582317E-03   -0.1885574E-03   -0.2407775E-03   -0.1489318E-04    0.7384144E-04   -0.3170236E-03    0.1712471E-02   -0.6161236E-05
   -0.4356216E-06   -0.2340496E-06   -0.5279413E-07    0.1760829E-04   -0.4545443E-05    0.5535140E-05   -0.1146472E-01   -0.1297523E-01    0.6511083E-02   -0.4956561E-05   -0.2346384E-04   -0.6466635E-05   -0.4141417E-04    0.6858985E-04    0.6186935E-05    0.2467973E-04   -0.3234042E-03   -0.2552540E-06   -0.5909414E-05    0.9951448E-06   -0.6161236E-05    0.1080700E-03
