# omegabh2 omegach2 theta meffsterile logA ns ampia redzia lumia a1phot a2phot a3phot a4phot a5phot a6phot a7phot meadnuis2 calPlanck alpha_SZ ystar_SZ bias_SZ scatter_SZ
    0.1645231E-05    0.7544509E-06    0.5788743E-06   -0.1082403E-04   -0.4748421E-05    0.2308977E-05   -0.1063399E-03   -0.1337595E-02    0.1349140E-02   -0.7426914E-05   -0.1110200E-04   -0.4964195E-05   -0.1142011E-04   -0.6832835E-05   -0.1243264E-04    0.9291819E-06   -0.2036110E-05   -0.7411244E-06   -0.8787146E-05    0.2859489E-05    0.2344657E-04   -0.8525178E-07
    0.7544509E-06    0.9051703E-05    0.2164319E-05   -0.4783550E-03    0.8066220E-06    0.3174555E-05   -0.1642460E-01    0.2381460E-02    0.8542057E-03    0.4521116E-04   -0.8939806E-06   -0.6792046E-04    0.1640342E-04    0.2609376E-04   -0.6366163E-04   -0.2774673E-04   -0.1985566E-03   -0.2563859E-05    0.1788869E-04    0.6883809E-06   -0.4925155E-04    0.3107067E-06
    0.5788743E-06    0.2164319E-05    0.1802800E-05   -0.4946671E-04   -0.1100524E-05   -0.3206193E-05   -0.5045549E-02    0.7097770E-03   -0.1018081E-03    0.1508588E-04    0.2142114E-05   -0.4082773E-05   -0.7000708E-05   -0.4955878E-05   -0.2998282E-04    0.3474985E-05   -0.1147653E-03   -0.1097648E-05   -0.2531483E-05   -0.3022321E-07   -0.8153673E-05   -0.6588869E-06
   -0.1082403E-04   -0.4783550E-03   -0.4946671E-04    0.4059198E-01   -0.3283982E-03   -0.3772638E-03    0.1119850E+01   -0.3986392E-01   -0.2094163E-01   -0.2238136E-02   -0.1689156E-02    0.5349552E-02   -0.1998496E-02   -0.2569689E-02    0.2495771E-02    0.2676749E-02    0.8089348E-02    0.1307465E-03   -0.1356306E-03   -0.1781586E-03    0.9484245E-03   -0.7353784E-04
   -0.4748421E-05    0.8066220E-06   -0.1100524E-05   -0.3283982E-03    0.6387352E-04    0.9708964E-05   -0.3552519E-01    0.2130945E-01   -0.3280560E-02   -0.4905487E-04    0.1517833E-03    0.1014113E-04    0.6683790E-04    0.3109691E-04    0.1211443E-03   -0.1818070E-03    0.5519977E-03    0.4152591E-05    0.8293267E-05   -0.2994283E-05   -0.1074852E-03    0.3215250E-05
    0.2308977E-05    0.3174555E-05   -0.3206193E-05   -0.3772638E-03    0.9708964E-05    0.1384564E-03   -0.2820398E-01   -0.2526720E-03    0.7831162E-02   -0.9971636E-04    0.4992609E-04   -0.7160473E-04   -0.6093539E-04    0.2525327E-04    0.6612162E-04   -0.1228452E-03    0.2619827E-03    0.7816090E-05    0.4778347E-04    0.1510431E-04   -0.3624177E-04    0.1729084E-05
   -0.1063399E-03   -0.1642460E-01   -0.5045549E-02    0.1119850E+01   -0.3552519E-01   -0.2820398E-01    0.1109757E+03    0.1619566E+01   -0.8036291E+01   -0.1137762E-01   -0.2905783E+00    0.2224370E+00   -0.1146364E+00   -0.8623629E-01    0.1621070E+00    0.1828524E+00    0.2763898E+00   -0.5147239E-02   -0.1077637E-01   -0.8778735E-02    0.1124762E+00   -0.9038279E-03
   -0.1337595E-02    0.2381460E-02    0.7097770E-03   -0.3986392E-01    0.2130945E-01   -0.2526720E-03    0.1619566E+01    0.5726351E+02   -0.1028512E+02   -0.1179978E+00   -0.5829382E-01    0.6075956E-01   -0.5174291E-01    0.3951767E-01    0.8685843E-01   -0.9546737E-01   -0.1145752E+01   -0.6760335E-03    0.5930302E-02   -0.1690876E-01   -0.6641625E-01    0.2306145E-02
    0.1349140E-02    0.8542057E-03   -0.1018081E-03   -0.2094163E-01   -0.3280560E-02    0.7831162E-02   -0.8036291E+01   -0.1028512E+02    0.3118553E+02    0.4018061E-01    0.2647133E-01   -0.6196737E-01   -0.1621535E-01   -0.2937402E-01    0.3329387E-01   -0.3335794E-01   -0.1268579E+00    0.3285128E-02    0.1220507E-02    0.1382813E-01    0.3677877E-02   -0.5335947E-03
   -0.7426914E-05    0.4521116E-04    0.1508588E-04   -0.2238136E-02   -0.4905487E-04   -0.9971636E-04   -0.1137762E-01   -0.1179978E+00    0.4018061E-01    0.2536912E-02    0.3944601E-03   -0.4536380E-04    0.1992869E-03   -0.4826219E-03   -0.7284553E-04    0.6420139E-03   -0.1866107E-02   -0.1335548E-04    0.1782633E-03    0.2953601E-04   -0.3890850E-03   -0.8023074E-05
   -0.1110200E-04   -0.8939806E-06    0.2142114E-05   -0.1689156E-02    0.1517833E-03    0.4992609E-04   -0.2905783E+00   -0.5829382E-01    0.2647133E-01    0.3944601E-03    0.2692197E-02   -0.4739758E-03    0.3569866E-03    0.1842628E-03    0.2394860E-03   -0.3771404E-03    0.2758235E-02    0.1310644E-04   -0.4105850E-04   -0.2649053E-04   -0.5581804E-05    0.3991622E-05
   -0.4964195E-05   -0.6792046E-04   -0.4082773E-05    0.5349552E-02    0.1014113E-04   -0.7160473E-04    0.2224370E+00    0.6075956E-01   -0.6196737E-01   -0.4536380E-04   -0.4739758E-03    0.2362527E-02    0.2464377E-04   -0.5230545E-03    0.9789727E-03    0.4555727E-03    0.1506628E-02    0.2306145E-04   -0.1077334E-03   -0.6426489E-04    0.1467466E-03    0.5874136E-05
   -0.1142011E-04    0.1640342E-04   -0.7000708E-05   -0.1998496E-02    0.6683790E-04   -0.6093539E-04   -0.1146364E+00   -0.5174291E-01   -0.1621535E-01    0.1992869E-03    0.3569866E-03    0.2464377E-04    0.1765868E-02   -0.5179863E-04    0.3004044E-03    0.4400709E-04   -0.9947656E-03   -0.7848588E-05    0.1424901E-04   -0.7167233E-04   -0.1309094E-03    0.8013544E-05
   -0.6832835E-05    0.2609376E-04   -0.4955878E-05   -0.2569689E-02    0.3109691E-04    0.2525327E-04   -0.8623629E-01    0.3951767E-01   -0.2937402E-01   -0.4826219E-03    0.1842628E-03   -0.5230545E-03   -0.5179863E-04    0.2366848E-02   -0.4268834E-03   -0.7340182E-03    0.3084125E-02   -0.7261993E-06    0.3983894E-04    0.8012517E-05   -0.1805459E-03   -0.1550769E-04
   -0.1243264E-04   -0.6366163E-04   -0.2998282E-04    0.2495771E-02    0.1211443E-03    0.6612162E-04    0.1621070E+00    0.8685843E-01    0.3329387E-01   -0.7284553E-04    0.2394860E-03    0.9789727E-03    0.3004044E-03   -0.4268834E-03    0.3221252E-02   -0.8004470E-04    0.1166181E-02    0.4155880E-04   -0.3552454E-04   -0.4041144E-04    0.2086647E-03   -0.1372057E-04
    0.9291819E-06   -0.2774673E-04    0.3474985E-05    0.2676749E-02   -0.1818070E-03   -0.1228452E-03    0.1828524E+00   -0.9546737E-01   -0.3335794E-01    0.6420139E-03   -0.3771404E-03    0.4555727E-03    0.4400709E-04   -0.7340182E-03   -0.8004470E-04    0.2850554E-02   -0.4466670E-02   -0.2425883E-04   -0.6386354E-04   -0.9620195E-04    0.3070071E-03   -0.1452275E-04
   -0.2036110E-05   -0.1985566E-03   -0.1147653E-03    0.8089348E-02    0.5519977E-03    0.2619827E-03    0.2763898E+00   -0.1145752E+01   -0.1268579E+00   -0.1866107E-02    0.2758235E-02    0.1506628E-02   -0.9947656E-03    0.3084125E-02    0.1166181E-02   -0.4466670E-02    0.1544046E+00    0.1622763E-03    0.1160280E-03    0.5990857E-03    0.4348480E-03    0.1397139E-03
   -0.7411244E-06   -0.2563859E-05   -0.1097648E-05    0.1307465E-03    0.4152591E-05    0.7816090E-05   -0.5147239E-02   -0.6760335E-03    0.3285128E-02   -0.1335548E-04    0.1310644E-04    0.2306145E-04   -0.7848588E-05   -0.7261993E-06    0.4155880E-04   -0.2425883E-04    0.1622763E-03    0.7534040E-05    0.1760522E-05    0.6999048E-05   -0.1205034E-04    0.9771930E-06
   -0.8787146E-05    0.1788869E-04   -0.2531483E-05   -0.1356306E-03    0.8293267E-05    0.4778347E-04   -0.1077637E-01    0.5930302E-02    0.1220507E-02    0.1782633E-03   -0.4105850E-04   -0.1077334E-03    0.1424901E-04    0.3983894E-04   -0.3552454E-04   -0.6386354E-04    0.1160280E-03    0.1760522E-05    0.2131107E-02    0.5797823E-04   -0.3058351E-03   -0.1208801E-04
    0.2859489E-05    0.6883809E-06   -0.3022321E-07   -0.1781586E-03   -0.2994283E-05    0.1510431E-04   -0.8778735E-02   -0.1690876E-01    0.1382813E-01    0.2953601E-04   -0.2649053E-04   -0.6426489E-04   -0.7167233E-04    0.8012517E-05   -0.4041144E-04   -0.9620195E-04    0.5990857E-03    0.6999048E-05    0.5797823E-04    0.4306850E-03   -0.3138647E-03    0.1099720E-04
    0.2344657E-04   -0.4925155E-04   -0.8153673E-05    0.9484245E-03   -0.1074852E-03   -0.3624177E-04    0.1124762E+00   -0.6641625E-01    0.3677877E-02   -0.3890850E-03   -0.5581804E-05    0.1467466E-03   -0.1309094E-03   -0.1805459E-03    0.2086647E-03    0.3070071E-03    0.4348480E-03   -0.1205034E-04   -0.3058351E-03   -0.3138647E-03    0.1628830E-02   -0.1741396E-04
   -0.8525178E-07    0.3107067E-06   -0.6588869E-06   -0.7353784E-04    0.3215250E-05    0.1729084E-05   -0.9038279E-03    0.2306145E-02   -0.5335947E-03   -0.8023074E-05    0.3991622E-05    0.5874136E-05    0.8013544E-05   -0.1550769E-04   -0.1372057E-04   -0.1452275E-04    0.1397139E-03    0.9771930E-06   -0.1208801E-04    0.1099720E-04   -0.1741396E-04    0.9507731E-04
