# omegabh2 omegach2 theta logA ns ampia redzia lumia a1phot a2phot a3phot a4phot a5phot a6phot a7phot meadnuis2 alpha_SZ ystar_SZ bias_SZ scatter_SZ
    0.3991041E-05    0.8496398E-05    0.6630903E-05   -0.3185025E-04   -0.1308437E-06   -0.2600962E-02    0.2380057E-03    0.3985291E-03    0.2130869E-05    0.2502012E-05   -0.1421574E-05    0.4027077E-05   -0.4925434E-05   -0.5897521E-05    0.3385753E-05   -0.8393546E-04    0.6159544E-06    0.6824590E-06    0.9360355E-06    0.3508935E-06
    0.8496398E-05    0.4082729E-03    0.4886223E-03   -0.4593136E-02    0.2431162E-05   -0.7380178E-02    0.2962471E-01   -0.2377698E-02   -0.1930066E-04   -0.5336726E-04    0.5964616E-05   -0.7446185E-04    0.1774521E-04   -0.2498287E-04    0.3964398E-04   -0.5151325E-03    0.1635463E-02   -0.3429697E-04   -0.2182705E-03    0.1558632E-05
    0.6630903E-05    0.4886223E-03    0.5992053E-03   -0.5626543E-02    0.4791973E-05   -0.6965121E-02    0.3857666E-01   -0.6494640E-02   -0.2316953E-04   -0.7000825E-04    0.1865882E-04   -0.1104712E-03    0.3142859E-04   -0.1409841E-04    0.5299380E-04   -0.5848234E-03    0.1981505E-02   -0.3865369E-04   -0.2473683E-03    0.1734925E-05
   -0.3185025E-04   -0.4593136E-02   -0.5626543E-02    0.5636381E-01   -0.1565845E-03    0.5451057E-01   -0.3677114E+00    0.7440726E-01    0.3444919E-03    0.6692803E-03   -0.2578510E-03    0.8188974E-03   -0.5307344E-03   -0.1335545E-03   -0.4839511E-03    0.4540024E-02   -0.1987424E-01    0.1549772E-03   -0.2790869E-04   -0.2511880E-04
   -0.1308437E-06    0.2431162E-05    0.4791973E-05   -0.1565845E-03    0.1991581E-03    0.1834457E-03   -0.9300975E-04    0.7310228E-02    0.3487148E-05    0.2362944E-04   -0.1976937E-04    0.1819363E-04    0.1490777E-04   -0.8812246E-06    0.3253941E-05    0.2118935E-03    0.1347411E-03    0.7140571E-05   -0.2088492E-05   -0.1526657E-05
   -0.2600962E-02   -0.7380178E-02   -0.6965121E-02    0.5451057E-01    0.1834457E-03    0.8270286E+03    0.1361441E+02    0.1469076E+02   -0.4571553E-01    0.1170678E-01   -0.3518435E-01   -0.2581004E-01   -0.1940332E-01    0.1057320E+00    0.1052821E+00   -0.2541761E+00   -0.2401780E-02    0.2737881E-02   -0.5228882E-02   -0.4892855E-02
    0.2380057E-03    0.2962471E-01    0.3857666E-01   -0.3677114E+00   -0.9300975E-04    0.1361441E+02    0.3925591E+03    0.4003323E+02   -0.3853297E-01    0.2311811E-01   -0.1898616E-01   -0.2558304E-01   -0.3855958E-01    0.5165280E-01    0.3048593E-02   -0.9848355E+00    0.1122574E+00   -0.1188188E-01   -0.6720761E-03    0.2855951E-02
    0.3985291E-03   -0.2377698E-02   -0.6494640E-02    0.7440726E-01    0.7310228E-02    0.1469076E+02    0.4003323E+02    0.1978978E+03   -0.1247225E-01    0.2911417E-01    0.1264275E-02    0.2884844E-02   -0.1766936E-01    0.1896470E-01    0.6446731E-01   -0.3981298E+00   -0.1382275E-01   -0.5435626E-02   -0.9927313E-02   -0.6591190E-03
    0.2130869E-05   -0.1930066E-04   -0.2316953E-04    0.3444919E-03    0.3487148E-05   -0.4571553E-01   -0.3853297E-01   -0.1247225E-01    0.3094449E-02   -0.3756416E-04   -0.1340953E-03    0.9943913E-04   -0.4401492E-05   -0.1345418E-04    0.3965279E-04   -0.1316861E-03   -0.1100710E-03   -0.2131382E-04   -0.1389683E-03   -0.7449616E-05
    0.2502012E-05   -0.5336726E-04   -0.7000825E-04    0.6692803E-03    0.2362944E-04    0.1170678E-01    0.2311811E-01    0.2911417E-01   -0.3756416E-04    0.2882227E-02    0.7619380E-04    0.1620030E-03   -0.1563147E-03   -0.1116667E-04    0.1345991E-03    0.5854879E-03   -0.1995290E-03   -0.2526108E-04    0.1390398E-04   -0.3865271E-05
   -0.1421574E-05    0.5964616E-05    0.1865882E-04   -0.2578510E-03   -0.1976937E-04   -0.3518435E-01   -0.1898616E-01    0.1264275E-02   -0.1340953E-03    0.7619380E-04    0.1971970E-02   -0.5133376E-04    0.1648882E-03    0.2776710E-04   -0.1315413E-03    0.1045200E-02    0.1031741E-03    0.2270603E-04    0.5416705E-04   -0.7855322E-05
    0.4027077E-05   -0.7446185E-04   -0.1104712E-03    0.8188974E-03    0.1819363E-04   -0.2581004E-01   -0.2558304E-01    0.2884844E-02    0.9943913E-04    0.1620030E-03   -0.5133376E-04    0.2582399E-02   -0.7068931E-04    0.4465758E-04    0.1463128E-03   -0.5249583E-03   -0.3259568E-03    0.3597142E-04    0.2600545E-03    0.6272850E-06
   -0.4925434E-05    0.1774521E-04    0.3142859E-04   -0.5307344E-03    0.1490777E-04   -0.1940332E-01   -0.3855958E-01   -0.1766936E-01   -0.4401492E-05   -0.1563147E-03    0.1648882E-03   -0.7068931E-04    0.3013979E-02    0.1738844E-03   -0.9461073E-05   -0.1316550E-02    0.1425561E-03    0.3368181E-04    0.2084916E-03   -0.5114129E-05
   -0.5897521E-05   -0.2498287E-04   -0.1409841E-04   -0.1335545E-03   -0.8812246E-06    0.1057320E+00    0.5165280E-01    0.1896470E-01   -0.1345418E-04   -0.1116667E-04    0.2776710E-04    0.4465758E-04    0.1738844E-03    0.2995821E-02   -0.1941452E-03   -0.8520520E-03    0.3309766E-04    0.9969447E-05    0.2447437E-03   -0.6351995E-06
    0.3385753E-05    0.3964398E-04    0.5299380E-04   -0.4839511E-03    0.3253941E-05    0.1052821E+00    0.3048593E-02    0.6446731E-01    0.3965279E-04    0.1345991E-03   -0.1315413E-03    0.1463128E-03   -0.9461073E-05   -0.1941452E-03    0.3411074E-02    0.2603231E-03    0.1897375E-03    0.1172513E-04   -0.3663949E-05   -0.1014989E-04
   -0.8393546E-04   -0.5151325E-03   -0.5848234E-03    0.4540024E-02    0.2118935E-03   -0.2541761E+00   -0.9848355E+00   -0.3981298E+00   -0.1316861E-03    0.5854879E-03    0.1045200E-02   -0.5249583E-03   -0.1316550E-02   -0.8520520E-03    0.2603231E-03    0.1815391E+00   -0.1529886E-02    0.5700221E-04    0.3022778E-03   -0.1104231E-03
    0.6159544E-06    0.1635463E-02    0.1981505E-02   -0.1987424E-01    0.1347411E-03   -0.2401780E-02    0.1122574E+00   -0.1382275E-01   -0.1100710E-03   -0.1995290E-03    0.1031741E-03   -0.3259568E-03    0.1425561E-03    0.3309766E-04    0.1897375E-03   -0.1529886E-02    0.9566823E-02   -0.3865855E-04   -0.1634405E-03   -0.5545705E-06
    0.6824590E-06   -0.3429697E-04   -0.3865369E-04    0.1549772E-03    0.7140571E-05    0.2737881E-02   -0.1188188E-01   -0.5435626E-02   -0.2131382E-04   -0.2526108E-04    0.2270603E-04    0.3597142E-04    0.3368181E-04    0.9969447E-05    0.1172513E-04    0.5700221E-04   -0.3865855E-04    0.4258536E-03   -0.1314648E-03    0.1668623E-05
    0.9360355E-06   -0.2182705E-03   -0.2473683E-03   -0.2790869E-04   -0.2088492E-05   -0.5228882E-02   -0.6720761E-03   -0.9927313E-02   -0.1389683E-03    0.1390398E-04    0.5416705E-04    0.2600545E-03    0.2084916E-03    0.2447437E-03   -0.3663949E-05    0.3022778E-03   -0.1634405E-03   -0.1314648E-03    0.3226343E-02    0.3946675E-05
    0.3508935E-06    0.1558632E-05    0.1734925E-05   -0.2511880E-04   -0.1526657E-05   -0.4892855E-02    0.2855951E-02   -0.6591190E-03   -0.7449616E-05   -0.3865271E-05   -0.7855322E-05    0.6272850E-06   -0.5114129E-05   -0.6351995E-06   -0.1014989E-04   -0.1104231E-03   -0.5545705E-06    0.1668623E-05    0.3946675E-05    0.9904517E-04
