# omegabh2 omegach2 theta logA ns ampia a1phot a2phot a3phot a4phot a5phot a6phot a7phot meadnuis2 calPlanck alpha_SZ ystar_SZ bias_SZ scatter_SZ
    0.2653422E-05    0.1955491E-05   -0.5087541E-08   -0.7650747E-05    0.3657057E-06   -0.1855711E-03   -0.8955328E-06   -0.4402452E-06   -0.8413849E-07   -0.4611179E-06    0.6527261E-05   -0.2421538E-05   -0.8698857E-05    0.8895855E-05    0.8217540E-07   -0.5231284E-05    0.8958581E-06    0.2551040E-04    0.3851249E-06
    0.1955491E-05    0.3765669E-05    0.3221197E-07   -0.9971798E-05    0.1758729E-06    0.2095601E-03    0.5362696E-06    0.1402488E-05    0.1347559E-05   -0.1142929E-05   -0.1992435E-05   -0.1232022E-04   -0.1075774E-04   -0.5516506E-05    0.4145843E-06    0.1421622E-04   -0.3840531E-05   -0.2383462E-04   -0.2931508E-07
   -0.5087541E-08    0.3221197E-07    0.4058384E-07    0.3642535E-06    0.3030583E-07   -0.1691914E-05    0.8879446E-07    0.7056674E-07   -0.3811975E-07    0.1660521E-06   -0.2482126E-06   -0.5877498E-06   -0.1900731E-06   -0.1010399E-05    0.2483216E-07   -0.1825160E-07   -0.1923945E-06   -0.8436828E-06   -0.1101430E-06
   -0.7650747E-05   -0.9971798E-05    0.3642535E-06    0.1288847E-03   -0.1674692E-05    0.3001832E-03    0.3712417E-05    0.1645550E-04    0.3755792E-05   -0.7415545E-05   -0.5502191E-04    0.2336567E-04    0.2625508E-04   -0.3846153E-04    0.6420027E-05   -0.5272258E-04   -0.4893843E-05   -0.9239692E-04   -0.1944020E-05
    0.3657057E-06    0.1758729E-06    0.3030583E-07   -0.1674692E-05    0.8089824E-05   -0.9977063E-04   -0.6823845E-06   -0.5773752E-06   -0.9494538E-06   -0.3093895E-06   -0.1049493E-05   -0.7705186E-05   -0.5400872E-05   -0.3983005E-05   -0.4252663E-06    0.4908349E-05    0.1841122E-05    0.7325983E-06   -0.8273635E-06
   -0.1855711E-03    0.2095601E-03   -0.1691914E-05    0.3001832E-03   -0.9977063E-04    0.5299945E+00    0.8812544E-03    0.5476988E-03    0.7796912E-03    0.3275415E-04   -0.1465423E-03   -0.1687713E-02   -0.2149006E-02    0.1130045E-01   -0.1071866E-03    0.2095612E-02   -0.1165828E-02   -0.8269748E-02   -0.3567589E-03
   -0.8955328E-06    0.5362696E-06    0.8879446E-07    0.3712417E-05   -0.6823845E-06    0.8812544E-03    0.1525114E-03    0.2018516E-05   -0.7145361E-05    0.1570799E-04   -0.1045131E-04    0.1897256E-04    0.2275155E-04    0.4090957E-05   -0.2731624E-06    0.1536370E-04   -0.8570786E-05   -0.2877536E-04    0.9801247E-06
   -0.4402452E-06    0.1402488E-05    0.7056674E-07    0.1645550E-04   -0.5773752E-06    0.5476988E-03    0.2018516E-05    0.1048994E-03   -0.1539391E-05    0.1078841E-05   -0.1780733E-04    0.5909417E-04   -0.4700139E-04    0.1059898E-06    0.1354237E-06    0.9054268E-05   -0.1190029E-04   -0.4759722E-04    0.2405037E-05
   -0.8413849E-07    0.1347559E-05   -0.3811975E-07    0.3755792E-05   -0.9494538E-06    0.7796912E-03   -0.7145361E-05   -0.1539391E-05    0.6457223E-04   -0.4789870E-05   -0.2039694E-04   -0.2261167E-04   -0.1911122E-04   -0.2798718E-04    0.3255440E-05    0.2963339E-04   -0.2786006E-06   -0.3131727E-04   -0.1638586E-05
   -0.4611179E-06   -0.1142929E-05    0.1660521E-06   -0.7415545E-05   -0.3093895E-06    0.3275415E-04    0.1570799E-04    0.1078841E-05   -0.4789870E-05    0.2735652E-03    0.6844137E-04    0.9121978E-05    0.1316403E-03    0.1508417E-04   -0.1319788E-05   -0.1183487E-04    0.8173736E-05    0.1455647E-04   -0.2941896E-05
    0.6527261E-05   -0.1992435E-05   -0.2482126E-06   -0.5502191E-04   -0.1049493E-05   -0.1465423E-03   -0.1045131E-04   -0.1780733E-04   -0.2039694E-04    0.6844137E-04    0.7930051E-03    0.2228024E-04   -0.3567613E-04    0.1252007E-03   -0.5875968E-05   -0.1273568E-03   -0.6619048E-05    0.2602180E-03   -0.4255586E-05
   -0.2421538E-05   -0.1232022E-04   -0.5877498E-06    0.2336567E-04   -0.7705186E-05   -0.1687713E-02    0.1897256E-04    0.5909417E-04   -0.2261167E-04    0.9121978E-05    0.2228024E-04    0.2116994E-02   -0.1444018E-04   -0.9427536E-05   -0.7263616E-05   -0.1643359E-03   -0.1985968E-04    0.2157163E-03    0.1666875E-04
   -0.8698857E-05   -0.1075774E-04   -0.1900731E-06    0.2625508E-04   -0.5400872E-05   -0.2149006E-02    0.2275155E-04   -0.4700139E-04   -0.1911122E-04    0.1316403E-03   -0.3567613E-04   -0.1444018E-04    0.3150609E-02    0.6734044E-04   -0.8179419E-07   -0.3257241E-04    0.1895423E-04   -0.2264119E-04   -0.9559388E-05
    0.8895855E-05   -0.5516506E-05   -0.1010399E-05   -0.3846153E-04   -0.3983005E-05    0.1130045E-01    0.4090957E-05    0.1059898E-06   -0.2798718E-04    0.1508417E-04    0.1252007E-03   -0.9427536E-05    0.6734044E-04    0.6539529E-02   -0.2666063E-04   -0.2033063E-03    0.2790373E-04    0.3219503E-03    0.2284669E-05
    0.8217540E-07    0.4145843E-06    0.2483216E-07    0.6420027E-05   -0.4252663E-06   -0.1071866E-03   -0.2731624E-06    0.1354237E-06    0.3255440E-05   -0.1319788E-05   -0.5875968E-05   -0.7263616E-05   -0.8179419E-07   -0.2666063E-04    0.5782636E-05   -0.9895241E-06   -0.2918703E-05   -0.1145394E-04    0.9596963E-07
   -0.5231284E-05    0.1421622E-04   -0.1825160E-07   -0.5272258E-04    0.4908349E-05    0.2095612E-02    0.1536370E-04    0.9054268E-05    0.2963339E-04   -0.1183487E-04   -0.1273568E-03   -0.1643359E-03   -0.3257241E-04   -0.2033063E-03   -0.9895241E-06    0.2078175E-02    0.5410986E-04   -0.1586632E-03   -0.9385308E-05
    0.8958581E-06   -0.3840531E-05   -0.1923945E-06   -0.4893843E-05    0.1841122E-05   -0.1165828E-02   -0.8570786E-05   -0.1190029E-04   -0.2786006E-06    0.8173736E-05   -0.6619048E-05   -0.1985968E-04    0.1895423E-04    0.2790373E-04   -0.2918703E-05    0.5410986E-04    0.4222748E-03   -0.3369458E-03   -0.4942590E-05
    0.2551040E-04   -0.2383462E-04   -0.8436828E-06   -0.9239692E-04    0.7325983E-06   -0.8269748E-02   -0.2877536E-04   -0.4759722E-04   -0.3131727E-04    0.1455647E-04    0.2602180E-03    0.2157163E-03   -0.2264119E-04    0.3219503E-03   -0.1145394E-04   -0.1586632E-03   -0.3369458E-03    0.1737731E-02    0.8769912E-05
    0.3851249E-06   -0.2931508E-07   -0.1101430E-06   -0.1944020E-05   -0.8273635E-06   -0.3567589E-03    0.9801247E-06    0.2405037E-05   -0.1638586E-05   -0.2941896E-05   -0.4255586E-05    0.1666875E-04   -0.9559388E-05    0.2284669E-05    0.9596963E-07   -0.9385308E-05   -0.4942590E-05    0.8769912E-05    0.9726636E-04
