# omegabh2 omegach2 theta tau logA ns calPlanck acib217 xi asz143 aps100 aps143 aps143217 aps217 aksz kgal100 kgal143 kgal143217 kgal217 galfEE100 galfEE100143 galfEE100217 galfEE143 galfEE143217 galfEE217 galfTE100 galfTE100143 galfTE100217 galfTE143 galfTE143217 galfTE217 cal0 cal2
    0.1913134E-07   -0.6357790E-07    0.1194161E-07    0.5331516E-06    0.1002357E-05    0.1793188E-06    0.7848682E-08   -0.8268321E-04    0.1795611E-05    0.1959295E-04   -0.3478425E-03   -0.1904170E-03   -0.4077387E-04    0.2577597E-04   -0.3364567E-04   -0.1571420E-05   -0.3840202E-05   -0.8538765E-05    0.6101691E-05    0.2548876E-07    0.3139374E-07    0.1582374E-07    0.4043006E-07    0.1563626E-06    0.2426178E-06   -0.6135116E-07   -0.7878638E-07   -0.1320422E-06   -0.3660833E-06   -0.1270010E-05   -0.2857920E-05    0.2943999E-08   -0.6634279E-08
   -0.6357790E-07    0.1069835E-05   -0.6424519E-07   -0.5108303E-05   -0.7580164E-05   -0.2604860E-05   -0.3059923E-07    0.1827268E-03   -0.3277173E-05   -0.6728515E-04    0.1192168E-02    0.7986372E-03    0.3747493E-03    0.1915942E-03    0.3465744E-04   -0.1414370E-04   -0.7438494E-05    0.3316848E-04    0.4541590E-04   -0.3042340E-06   -0.4293221E-06   -0.3977922E-07   -0.4168972E-06   -0.4140673E-07   -0.7947506E-06    0.3632805E-06    0.7951539E-07    0.1283625E-06    0.1301765E-05    0.4467125E-05    0.1125864E-04    0.3734502E-08    0.3239540E-07
    0.1194161E-07   -0.6424519E-07    0.9051229E-07    0.4414966E-06    0.8314994E-06    0.2850505E-06    0.9207728E-08   -0.3149285E-04    0.1360378E-05    0.4514066E-05   -0.4588608E-04   -0.3647204E-04    0.6467432E-05    0.9217426E-05    0.1181513E-05   -0.3196441E-05    0.1843349E-05    0.6169294E-05    0.9652435E-05    0.1672688E-07    0.6834318E-08    0.3108124E-07    0.2094298E-07   -0.2511370E-07   -0.1569319E-06   -0.3134981E-07   -0.7652364E-07   -0.4546396E-06   -0.2491671E-06   -0.1145724E-05   -0.2525826E-05   -0.7653246E-09   -0.4076549E-08
    0.5331516E-06   -0.5108303E-05    0.4414966E-06    0.2698062E-03    0.5217613E-03    0.2449190E-04   -0.2008874E-05   -0.1000792E-01    0.2352888E-03    0.2120527E-02   -0.4818054E-01   -0.1563354E-01    0.2034891E-02    0.8124791E-02   -0.4306466E-02   -0.2729744E-03   -0.7261938E-03   -0.2775416E-02   -0.2204227E-02    0.4987039E-06    0.1145721E-05   -0.9558466E-06    0.5424616E-06    0.4324086E-07    0.2897235E-05   -0.1159056E-04   -0.6278159E-05   -0.2441068E-05   -0.1913820E-04   -0.2258501E-04    0.1093282E-04   -0.7136388E-07   -0.1331250E-05
    0.1002357E-05   -0.7580164E-05    0.8314994E-06    0.5217613E-03    0.1042261E-02    0.4109951E-04    0.8120354E-05   -0.1966859E-01    0.5266475E-03    0.4122893E-02   -0.8990715E-01   -0.2762600E-01    0.8156927E-02    0.2253560E-01   -0.9426105E-02   -0.8135144E-03   -0.2084896E-02   -0.5883264E-02   -0.2716583E-02    0.1513564E-05    0.1655460E-05   -0.3921724E-05    0.1418731E-05   -0.4666903E-06    0.6238865E-06   -0.1990387E-04   -0.1231680E-04   -0.5745835E-05   -0.3586507E-04   -0.3991693E-04    0.5515334E-04    0.8707199E-07   -0.2592466E-05
    0.1793188E-06   -0.2604860E-05    0.2850505E-06    0.2449190E-04    0.4109951E-04    0.1547232E-04    0.1385887E-06   -0.4444143E-02    0.1265837E-03    0.8933155E-03   -0.2282896E-01   -0.5867600E-02    0.2453469E-02    0.4967275E-02   -0.1963248E-02    0.2756156E-03   -0.1565075E-03   -0.6995410E-03    0.1358190E-04    0.1833252E-05    0.2471718E-05    0.1439057E-05    0.2430577E-05   -0.3936518E-06    0.4240927E-05   -0.1083226E-05    0.6919490E-06   -0.9784803E-06   -0.3562933E-05   -0.1287238E-04   -0.2949270E-04   -0.1642402E-06   -0.4308965E-06
    0.7848682E-08   -0.3059923E-07    0.9207728E-08   -0.2008874E-05    0.8120354E-05    0.1385887E-06    0.6048444E-05    0.8039298E-03    0.5193578E-05    0.7133615E-06    0.3178475E-02    0.5890505E-03    0.4181485E-03    0.1167807E-02   -0.2919480E-04    0.8331652E-05   -0.5738015E-04   -0.3690435E-04    0.7023391E-03    0.8216357E-06    0.4938537E-06   -0.5869648E-06    0.9315976E-06    0.5831124E-06   -0.2220000E-06    0.1126410E-05    0.3837433E-06   -0.2505036E-06    0.9528405E-07   -0.1167924E-05    0.5460430E-05   -0.5290112E-08    0.1796988E-07
   -0.8268321E-04    0.1827268E-03   -0.3149285E-04   -0.1000792E-01   -0.1966859E-01   -0.4444143E-02    0.8039298E-03    0.4324920E+02   -0.5045535E+00   -0.1439594E+01    0.3997660E+02   -0.1013789E+01   -0.2165561E+02   -0.6113827E+02    0.1805258E+00    0.5366750E-01    0.2579548E-01   -0.2003005E+01   -0.1847739E+02    0.8360486E-04   -0.2758782E-03    0.6084283E-04   -0.2053051E-03    0.1537696E-02   -0.4879286E-02   -0.3384813E-03    0.1229775E-02   -0.2771035E-02    0.2268364E-02   -0.3977371E-02   -0.3402643E-02   -0.2464556E-03    0.4296383E-02
    0.1795611E-05   -0.3277173E-05    0.1360378E-05    0.2352888E-03    0.5266475E-03    0.1265837E-03    0.5193578E-05   -0.5045535E+00    0.8116117E-01   -0.6927536E-01   -0.4824035E+00    0.1069992E+01    0.1964566E+01    0.8271308E+00    0.6133752E-01   -0.6013184E-02    0.5527297E-02    0.1052432E+00    0.1061316E+00   -0.1332551E-04    0.7936303E-05   -0.2618958E-04    0.6658933E-05    0.4757006E-04    0.1025469E-03   -0.3024449E-04    0.2763258E-04    0.5063577E-04    0.6471671E-04   -0.2466569E-03    0.2185033E-03    0.6336104E-05   -0.1727399E-04
    0.1959295E-04   -0.6728515E-04    0.4514066E-05    0.2120527E-02    0.4122893E-02    0.8933155E-03    0.7133615E-06   -0.1439594E+01   -0.6927536E-01    0.3509770E+01   -0.2744947E+02   -0.3720274E+01    0.7149420E+01    0.6055040E+01   -0.2296931E+01   -0.1304903E+00    0.8193803E-01    0.2232815E+01    0.1883500E+01    0.2830494E-04    0.1509205E-03    0.2240132E-03    0.2716204E-03   -0.8149925E-03   -0.1094473E-02    0.2341447E-03    0.4741109E-04    0.1686183E-02   -0.8939597E-04    0.1563319E-02   -0.1201135E-02    0.1824771E-03   -0.3344056E-03
   -0.3478425E-03    0.1192168E-02   -0.4588608E-04   -0.4818054E-01   -0.8990715E-01   -0.2282896E-01    0.3178475E-02    0.3997660E+02   -0.4824035E+00   -0.2744947E+02    0.7496889E+03    0.6461096E+02   -0.5791068E+02   -0.6735750E+02    0.1092995E+02   -0.4033141E+01    0.2632060E+01   -0.1074782E+02   -0.1460167E+02   -0.1292497E-02   -0.3449584E-02   -0.8973045E-02   -0.3001429E-02   -0.1423263E-02   -0.3098803E-01    0.5697274E-02    0.3829046E-03   -0.5088174E-02    0.6418558E-02    0.2325637E-01    0.8145241E-01    0.5972057E-02    0.3939027E-02
   -0.1904170E-03    0.7986372E-03   -0.3647204E-04   -0.1563354E-01   -0.2762600E-01   -0.5867600E-02    0.5890505E-03   -0.1013789E+01    0.1069992E+01   -0.3720274E+01    0.6461096E+02    0.5963657E+02    0.4523758E+02    0.1856250E+02   -0.4269159E+01   -0.3032397E+00   -0.1123583E+01    0.3813255E+01    0.4212319E+01   -0.1067974E-02   -0.1342792E-02   -0.1719270E-02   -0.9089900E-03   -0.2245625E-02   -0.7056638E-02    0.1283796E-04    0.1298171E-02   -0.2924517E-02    0.5349820E-02    0.1257885E-01    0.3889382E-01    0.9060880E-04    0.1613318E-03
   -0.4077387E-04    0.3747493E-03    0.6467432E-05    0.2034891E-02    0.8156927E-02    0.2453469E-02    0.4181485E-03   -0.2165561E+02    0.1964566E+01    0.7149420E+01   -0.5791068E+02    0.4523758E+02    0.9978028E+02    0.6639065E+02   -0.1069771E+02   -0.6525444E+00   -0.3315379E+00    0.4475413E+01    0.4631421E+01   -0.6964851E-03   -0.8783512E-04   -0.2452321E-02    0.4199124E-03   -0.3089647E-02   -0.7070796E-02    0.2022530E-02    0.2847857E-03    0.5009647E-02    0.3008384E-02    0.1365293E-01    0.3129868E-01    0.7471422E-03   -0.2509313E-02
    0.2577597E-04    0.1915942E-03    0.9217426E-05    0.8124791E-02    0.2253560E-01    0.4967275E-02    0.1167807E-02   -0.6113827E+02    0.8271308E+00    0.6055040E+01   -0.6735750E+02    0.1856250E+02    0.6639065E+02    0.1204307E+03   -0.9009105E+01   -0.5100101E+00   -0.2986714E+00   -0.8607069E+00    0.1448875E+02   -0.2745718E-03    0.1790623E-03   -0.2306483E-02    0.7796484E-03   -0.4463207E-02    0.2094522E-02    0.3303294E-02   -0.1982943E-02    0.6911273E-02   -0.2779318E-02    0.2573232E-01    0.3745889E-01    0.6982806E-03   -0.7612539E-02
   -0.3364567E-04    0.3465744E-04    0.1181513E-05   -0.4306466E-02   -0.9426105E-02   -0.1963248E-02   -0.2919480E-04    0.1805258E+00    0.6133752E-01   -0.2296931E+01    0.1092995E+02   -0.4269159E+01   -0.1069771E+02   -0.9009105E+01    0.5291197E+01    0.6197847E-01   -0.6591362E-01   -0.1703690E+01   -0.1356921E+01   -0.1289319E-03   -0.1425926E-03    0.2156002E-03   -0.3463812E-03    0.2617462E-02    0.2032263E-02   -0.2727185E-03    0.1370997E-03    0.2829681E-04    0.3892083E-03   -0.1562856E-02   -0.3045738E-02   -0.1250954E-03    0.1236575E-03
   -0.1571420E-05   -0.1414370E-04   -0.3196441E-05   -0.2729744E-03   -0.8135144E-03    0.2756156E-03    0.8331652E-05    0.5366750E-01   -0.6013184E-02   -0.1304903E+00   -0.4033141E+01   -0.3032397E+00   -0.6525444E+00   -0.5100101E+00    0.6197847E-01    0.3532904E+01    0.4497265E+00    0.2178492E+00    0.3480892E+00    0.6551730E-05    0.6224355E-04    0.1025089E-03    0.1482638E-03   -0.3783358E-03    0.6475855E-03   -0.5238758E-03    0.5771673E-03   -0.3358693E-03    0.4559263E-03    0.4256053E-03   -0.2079603E-03    0.2899938E-03    0.1505350E-04
   -0.3840202E-05   -0.7438494E-05    0.1843349E-05   -0.7261938E-03   -0.2084896E-02   -0.1565075E-03   -0.5738015E-04    0.2579548E-01    0.5527297E-02    0.8193803E-01    0.2632060E+01   -0.1123583E+01   -0.3315379E+00   -0.2986714E+00   -0.6591362E-01    0.4497265E+00    0.3347161E+01    0.2539527E+01    0.1658424E+01   -0.6285592E-05    0.2320815E-04   -0.1062067E-03   -0.6939702E-05    0.1975258E-03    0.1604381E-02    0.1816720E-03   -0.2005339E-03    0.9282128E-04    0.6961916E-03    0.2255298E-02   -0.3581442E-03   -0.2863939E-03   -0.2405893E-03
   -0.8538765E-05    0.3316848E-04    0.6169294E-05   -0.2775416E-02   -0.5883264E-02   -0.6995410E-03   -0.3690435E-04   -0.2003005E+01    0.1052432E+00    0.2232815E+01   -0.1074782E+02    0.3813255E+01    0.4475413E+01   -0.8607069E+00   -0.1703690E+01    0.2178492E+00    0.2539527E+01    0.1725420E+02    0.2585486E+02   -0.1885525E-03   -0.2699818E-03    0.6394058E-03   -0.1016511E-03   -0.2403954E-02    0.1604519E-02   -0.2823149E-03    0.2271612E-02   -0.1065749E-02    0.5130162E-02   -0.1963699E-02   -0.6180471E-02   -0.8741589E-05    0.2540097E-02
    0.6101691E-05    0.4541590E-04    0.9652435E-05   -0.2204227E-02   -0.2716583E-02    0.1358190E-04    0.7023391E-03   -0.1847739E+02    0.1061316E+00    0.1883500E+01   -0.1460167E+02    0.4212319E+01    0.4631421E+01    0.1448875E+02   -0.1356921E+01    0.3480892E+00    0.1658424E+01    0.2585486E+02    0.5505314E+02   -0.1807527E-04   -0.3222448E-03    0.7930422E-03   -0.1196860E-03   -0.3874691E-02    0.2620291E-02   -0.9398775E-03    0.3342949E-02   -0.2295407E-02    0.8270349E-02   -0.1033104E-01   -0.2273312E-01    0.4337851E-04    0.4587776E-02
    0.2548876E-07   -0.3042340E-06    0.1672688E-07    0.4987039E-06    0.1513564E-05    0.1833252E-05    0.8216357E-06    0.8360486E-04   -0.1332551E-04    0.2830494E-04   -0.1292497E-02   -0.1067974E-02   -0.6964851E-03   -0.2745718E-03   -0.1289319E-03    0.6551730E-05   -0.6285592E-05   -0.1885525E-03   -0.1807527E-04    0.3159121E-04    0.8389083E-05   -0.2164001E-06    0.2684496E-05   -0.2641308E-05    0.7454022E-05   -0.3689328E-05   -0.6579220E-06    0.6987399E-06   -0.4675675E-06    0.2867081E-05    0.2635819E-04   -0.9629757E-07    0.1062519E-07
    0.3139374E-07   -0.4293221E-06    0.6834318E-08    0.1145721E-05    0.1655460E-05    0.2471718E-05    0.4938537E-06   -0.2758782E-03    0.7936303E-05    0.1509205E-03   -0.3449584E-02   -0.1342792E-02   -0.8783512E-04    0.1790623E-03   -0.1425926E-03    0.6224355E-04    0.2320815E-04   -0.2699818E-03   -0.3222448E-03    0.8389083E-05    0.2461517E-04    0.1597209E-05    0.1188896E-04    0.2624524E-06    0.9038941E-05   -0.1997143E-06   -0.6017281E-06    0.2823606E-05   -0.1087300E-05   -0.5040167E-06    0.4104189E-05   -0.6566878E-07   -0.7651613E-07
    0.1582374E-07   -0.3977922E-07    0.3108124E-07   -0.9558466E-06   -0.3921724E-05    0.1439057E-05   -0.5869648E-06    0.6084283E-04   -0.2618958E-04    0.2240132E-03   -0.8973045E-02   -0.1719270E-02   -0.2452321E-02   -0.2306483E-02    0.2156002E-03    0.1025089E-03   -0.1062067E-03    0.6394058E-03    0.7930422E-03   -0.2164001E-06    0.1597209E-05    0.1058504E-02    0.1619529E-05    0.1584111E-05    0.1952145E-04   -0.3537355E-05   -0.8988344E-05    0.2206859E-04   -0.8754641E-05    0.5136623E-04    0.1226144E-03   -0.1396989E-06   -0.1935337E-07
    0.4043006E-07   -0.4168972E-06    0.2094298E-07    0.5424616E-06    0.1418731E-05    0.2430577E-05    0.9315976E-06   -0.2053051E-03    0.6658933E-05    0.2716204E-03   -0.3001429E-02   -0.9089900E-03    0.4199124E-03    0.7796484E-03   -0.3463812E-03    0.1482638E-03   -0.6939702E-05   -0.1016511E-03   -0.1196860E-03    0.2684496E-05    0.1188896E-04    0.1619529E-05    0.4605554E-04   -0.3336671E-06    0.1013387E-05   -0.3736127E-07   -0.3120721E-05   -0.4542972E-05   -0.4346664E-05   -0.3327977E-06   -0.1446356E-04   -0.8337736E-08   -0.4315695E-07
    0.1563626E-06   -0.4140673E-07   -0.2511370E-07    0.4324086E-07   -0.4666903E-06   -0.3936518E-06    0.5831124E-06    0.1537696E-02    0.4757006E-04   -0.8149925E-03   -0.1423263E-02   -0.2245625E-02   -0.3089647E-02   -0.4463207E-02    0.2617462E-02   -0.3783358E-03    0.1975258E-03   -0.2403954E-02   -0.3874691E-02   -0.2641308E-05    0.2624524E-06    0.1584111E-05   -0.3336671E-06    0.2192177E-02    0.1161701E-03   -0.1906437E-04    0.4067021E-06    0.3484206E-04   -0.1685456E-05   -0.1214091E-04   -0.8468052E-04   -0.5342092E-06   -0.2236393E-06
    0.2426178E-06   -0.7947506E-06   -0.1569319E-06    0.2897235E-05    0.6238865E-06    0.4240927E-05   -0.2220000E-06   -0.4879286E-02    0.1025469E-03   -0.1094473E-02   -0.3098803E-01   -0.7056638E-02   -0.7070796E-02    0.2094522E-02    0.2032263E-02    0.6475855E-03    0.1604381E-02    0.1604519E-02    0.2620291E-02    0.7454022E-05    0.9038941E-05    0.1952145E-04    0.1013387E-05    0.1161701E-03    0.1670897E-01   -0.3101341E-04    0.6640053E-06    0.1203058E-03    0.5271820E-05    0.4858678E-04   -0.9154194E-05   -0.1080273E-05   -0.8021387E-06
   -0.6135116E-07    0.3632805E-06   -0.3134981E-07   -0.1159056E-04   -0.1990387E-04   -0.1083226E-05    0.1126410E-05   -0.3384813E-03   -0.3024449E-04    0.2341447E-03    0.5697274E-02    0.1283796E-04    0.2022530E-02    0.3303294E-02   -0.2727185E-03   -0.5238758E-03    0.1816720E-03   -0.2823149E-03   -0.9398775E-03   -0.3689328E-05   -0.1997143E-06   -0.3537355E-05   -0.3736127E-07   -0.1906437E-04   -0.3101341E-04    0.1444635E-02    0.2966284E-03    0.1203838E-03   -0.4031352E-03   -0.2539370E-03   -0.2049884E-03    0.2320082E-06   -0.3039069E-06
   -0.7878638E-07    0.7951539E-07   -0.7652364E-07   -0.6278159E-05   -0.1231680E-04    0.6919490E-06    0.3837433E-06    0.1229775E-02    0.2763258E-04    0.4741109E-04    0.3829046E-03    0.1298171E-02    0.2847857E-03   -0.1982943E-02    0.1370997E-03    0.5771673E-03   -0.2005339E-03    0.2271612E-02    0.3342949E-02   -0.6579220E-06   -0.6017281E-06   -0.8988344E-05   -0.3120721E-05    0.4067021E-06    0.6640053E-06    0.2966284E-03    0.8467129E-03    0.5102323E-04    0.7411866E-03    0.7600548E-04   -0.6073687E-03    0.1558107E-07    0.8105161E-06
   -0.1320422E-06    0.1283625E-06   -0.4546396E-06   -0.2441068E-05   -0.5745835E-05   -0.9784803E-06   -0.2505036E-06   -0.2771035E-02    0.5063577E-04    0.1686183E-02   -0.5088174E-02   -0.2924517E-02    0.5009647E-02    0.6911273E-02    0.2829681E-04   -0.3358693E-03    0.9282128E-04   -0.1065749E-02   -0.2295407E-02    0.6987399E-06    0.2823606E-05    0.2206859E-04   -0.4542972E-05    0.3484206E-04    0.1203058E-03    0.1203838E-03    0.5102323E-04    0.7244312E-02   -0.2592886E-03    0.1742053E-02    0.5827300E-02    0.5462061E-06   -0.1065418E-05
   -0.3660833E-06    0.1301765E-05   -0.2491671E-06   -0.1913820E-04   -0.3586507E-04   -0.3562933E-05    0.9528405E-07    0.2268364E-02    0.6471671E-04   -0.8939597E-04    0.6418558E-02    0.5349820E-02    0.3008384E-02   -0.2779318E-02    0.3892083E-03    0.4559263E-03    0.6961916E-03    0.5130162E-02    0.8270349E-02   -0.4675675E-06   -0.1087300E-05   -0.8754641E-05   -0.4346664E-05   -0.1685456E-05    0.5271820E-05   -0.4031352E-03    0.7411866E-03   -0.2592886E-03    0.2992156E-02    0.1200979E-02    0.2799117E-04    0.4484144E-06    0.1925630E-05
   -0.1270010E-05    0.4467125E-05   -0.1145724E-05   -0.2258501E-04   -0.3991693E-04   -0.1287238E-04   -0.1167924E-05   -0.3977371E-02   -0.2466569E-03    0.1563319E-02    0.2325637E-01    0.1257885E-01    0.1365293E-01    0.2573232E-01   -0.1562856E-02    0.4256053E-03    0.2255298E-02   -0.1963699E-02   -0.1033104E-01    0.2867081E-05   -0.5040167E-06    0.5136623E-04   -0.3327977E-06   -0.1214091E-04    0.4858678E-04   -0.2539370E-03    0.7600548E-04    0.1742053E-02    0.1200979E-02    0.1582301E-01    0.1900486E-01    0.9576448E-06   -0.3421270E-05
   -0.2857920E-05    0.1125864E-04   -0.2525826E-05    0.1093282E-04    0.5515334E-04   -0.2949270E-04    0.5460430E-05   -0.3402643E-02    0.2185033E-03   -0.1201135E-02    0.8145241E-01    0.3889382E-01    0.3129868E-01    0.3745889E-01   -0.3045738E-02   -0.2079603E-03   -0.3581442E-03   -0.6180471E-02   -0.2273312E-01    0.2635819E-04    0.4104189E-05    0.1226144E-03   -0.1446356E-04   -0.8468052E-04   -0.9154194E-05   -0.2049884E-03   -0.6073687E-03    0.5827300E-02    0.2799117E-04    0.1900486E-01    0.7829564E-01    0.3408925E-05   -0.6356411E-05
    0.2943999E-08    0.3734502E-08   -0.7653246E-09   -0.7136388E-07    0.8707199E-07   -0.1642402E-06   -0.5290112E-08   -0.2464556E-03    0.6336104E-05    0.1824771E-03    0.5972057E-02    0.9060880E-04    0.7471422E-03    0.6982806E-03   -0.1250954E-03    0.2899938E-03   -0.2863939E-03   -0.8741589E-05    0.4337851E-04   -0.9629757E-07   -0.6566878E-07   -0.1396989E-06   -0.8337736E-08   -0.5342092E-06   -0.1080273E-05    0.2320082E-06    0.1558107E-07    0.5462061E-06    0.4484144E-06    0.9576448E-06    0.3408925E-05    0.5951906E-06    0.3987505E-09
   -0.6634279E-08    0.3239540E-07   -0.4076549E-08   -0.1331250E-05   -0.2592466E-05   -0.4308965E-06    0.1796988E-07    0.4296383E-02   -0.1727399E-04   -0.3344056E-03    0.3939027E-02    0.1613318E-03   -0.2509313E-02   -0.7612539E-02    0.1236575E-03    0.1505350E-04   -0.2405893E-03    0.2540097E-02    0.4587776E-02    0.1062519E-07   -0.7651613E-07   -0.1935337E-07   -0.4315695E-07   -0.2236393E-06   -0.8021387E-06   -0.3039069E-06    0.8105161E-06   -0.1065418E-05    0.1925630E-05   -0.3421270E-05   -0.6356411E-05    0.3987505E-09    0.2067067E-05
