# omegabh2 omegach2 theta tau meffsterile nnu logA ns calPlanck acib217 xi asz143 aps100 aps143 aps143217 aps217 aksz kgal100 kgal143 kgal143217 kgal217 galfEE100 galfEE100143 galfEE100217 galfEE143 galfEE143217 galfEE217 galfTE100 galfTE100143 galfTE100217 galfTE143 galfTE143217 galfTE217 cal0 cal2
    0.2495441E-07    0.1172099E-06   -0.3063536E-08    0.8596399E-06   -0.2186953E-05    0.8680264E-05    0.1937119E-05    0.5199665E-06    0.1298114E-07   -0.3672388E-04    0.7962299E-06    0.1419684E-04   -0.1844988E-03   -0.1008080E-03   -0.7580877E-05    0.1046544E-04   -0.2212285E-04    0.3135413E-05   -0.3114254E-05   -0.1257948E-04   -0.3981089E-05    0.3500796E-07    0.4559861E-07   -0.4037876E-07    0.5391396E-07    0.5055957E-07   -0.1647220E-06   -0.9487964E-07    0.5532285E-08   -0.1909599E-06   -0.1176858E-06   -0.1235055E-05   -0.2817305E-05    0.2290525E-08   -0.4056240E-08
    0.1172099E-06    0.1155540E-04   -0.5799399E-06    0.5682170E-05   -0.5531323E-03    0.2668426E-03    0.2481063E-04    0.1031183E-04   -0.3804043E-08    0.1613316E-02   -0.3871883E-04   -0.3591525E-03    0.7036312E-02    0.2333646E-02   -0.4969905E-03   -0.1561981E-02    0.5742774E-03    0.2000747E-03    0.1145844E-03    0.2615780E-03    0.4176459E-04    0.5565080E-06    0.7619571E-06   -0.1570245E-05    0.6115346E-06   -0.4411527E-05   -0.1129118E-04   -0.2629026E-06    0.1281370E-07   -0.8115255E-07    0.1260311E-05    0.8783119E-05    0.1332094E-04    0.3227961E-07    0.1534268E-06
   -0.3063536E-08   -0.5799399E-06    0.1241654E-06   -0.1337264E-06    0.1714793E-04   -0.2019344E-04   -0.1107816E-05   -0.5720355E-06    0.1914014E-07   -0.6916102E-04    0.1728898E-05    0.2643768E-04   -0.5912728E-03   -0.2146168E-03   -0.3143025E-04    0.1610453E-04   -0.4270503E-04   -0.1187308E-04   -0.1128190E-04   -0.1621108E-04   -0.3830900E-05   -0.3060508E-07   -0.4276795E-07    0.1232066E-06   -0.1540852E-07    0.3064003E-06    0.3102024E-06   -0.4483783E-07   -0.2321198E-07   -0.5241393E-06   -0.1037465E-06   -0.4692999E-06   -0.2146666E-05   -0.6180739E-08   -0.4039548E-08
    0.8596399E-06    0.5682170E-05   -0.1337264E-06    0.2799908E-03   -0.2540694E-03    0.4121006E-03    0.5543515E-03    0.3977217E-04   -0.2265955E-05   -0.7085777E-02    0.2089140E-03    0.1020174E-02   -0.2902191E-01   -0.8864769E-02    0.3077240E-02    0.6636699E-02   -0.3038271E-02   -0.2123433E-03   -0.7129362E-03   -0.2961473E-02   -0.2721739E-02    0.3009751E-05    0.3222863E-05    0.2452810E-05    0.2546397E-05   -0.1058571E-04   -0.2565698E-04   -0.2115742E-05   -0.2208101E-06   -0.4630670E-05   -0.1703112E-04   -0.4558523E-04   -0.9726302E-04   -0.1812082E-07   -0.7827883E-06
   -0.2186953E-05   -0.5531323E-03    0.1714793E-04   -0.2540694E-03    0.4305133E-01   -0.5742159E-02   -0.8603350E-03   -0.4375528E-03   -0.2875397E-05   -0.4510385E-01    0.1181880E-02    0.8177445E-02   -0.1829562E+00   -0.5127996E-02    0.7163269E-01    0.9752924E-01   -0.8960069E-02   -0.6139896E-02   -0.5344090E-02   -0.1350945E-01   -0.6107391E-02   -0.3730651E-04   -0.6205839E-04    0.6067358E-04   -0.3933923E-04    0.1550061E-03    0.2888386E-03   -0.1216257E-04   -0.4438238E-04    0.1474855E-03   -0.1028117E-03   -0.2456776E-03    0.6543846E-04   -0.1393013E-05   -0.4088410E-05
    0.8680264E-05    0.2668426E-03   -0.2019344E-04    0.4121006E-03   -0.5742159E-02    0.1194971E-01    0.1251652E-02    0.4838021E-03    0.2619265E-05    0.5838765E-01   -0.1407679E-02   -0.1202032E-01    0.2429467E+00    0.9323499E-01   -0.1212060E-02   -0.4010010E-01    0.2330481E-01    0.6948260E-02    0.3785059E-02    0.5480064E-02   -0.1930898E-02    0.2881506E-04    0.3048675E-04   -0.4691422E-04    0.3505503E-04   -0.1623235E-03   -0.4404609E-03   -0.8438067E-05   -0.1279186E-06    0.3483540E-04   -0.2363784E-04    0.3824500E-04   -0.1073499E-03    0.5665468E-06    0.5400525E-05
    0.1937119E-05    0.2481063E-04   -0.1107816E-05    0.5543515E-03   -0.8603350E-03    0.1251652E-02    0.1149161E-02    0.8985978E-04    0.7885389E-05   -0.1243365E-01    0.4402037E-03    0.1494766E-02   -0.4553795E-01   -0.1147327E-01    0.1030384E-01    0.1888338E-01   -0.6021741E-02   -0.3965940E-03   -0.1901965E-02   -0.6360618E-02   -0.4151770E-02    0.7230851E-05    0.6671204E-05    0.3223223E-05    0.6336904E-05   -0.3071635E-04   -0.6556931E-04   -0.5160194E-05   -0.4364363E-06   -0.1015211E-04   -0.3391581E-04   -0.7692700E-04   -0.1515123E-03    0.1475332E-06   -0.1465642E-05
    0.5199665E-06    0.1031183E-04   -0.5720355E-06    0.3977217E-04   -0.4375528E-03    0.4838021E-03    0.8985978E-04    0.3713252E-04    0.4816858E-06   -0.2032057E-02    0.6847857E-04    0.4377996E-03   -0.1165398E-01   -0.1902995E-02    0.2713897E-02    0.3513089E-02   -0.1335948E-02    0.4471224E-03   -0.4399501E-04   -0.3608040E-03    0.3676078E-03    0.3399934E-05    0.3845613E-05    0.1083492E-05    0.3903200E-05   -0.6196172E-05   -0.1768016E-04   -0.1484483E-05    0.2573302E-06   -0.2260260E-05   -0.2201274E-05   -0.1140144E-04   -0.4920054E-04   -0.1312842E-06   -0.1045565E-06
    0.1298114E-07   -0.3804043E-08    0.1914014E-07   -0.2265955E-05   -0.2875397E-05    0.2619265E-05    0.7885389E-05    0.4816858E-06    0.6132378E-05    0.5971991E-03    0.1568999E-04    0.2650954E-04    0.2030900E-02    0.5552779E-03    0.8220812E-03    0.1597954E-02   -0.7512257E-04   -0.4328875E-05   -0.5486206E-04   -0.8145884E-04    0.6369965E-03    0.7226736E-06    0.3493500E-06    0.5912145E-06    0.8597464E-06   -0.4379123E-06    0.2867774E-05   -0.4338040E-06    0.5527983E-07   -0.1594451E-05   -0.5505105E-06    0.1530341E-05    0.4191075E-05   -0.3018719E-07   -0.1377566E-07
   -0.3672388E-04    0.1613316E-02   -0.6916102E-04   -0.7085777E-02   -0.4510385E-01    0.5838765E-01   -0.1243365E-01   -0.2032057E-02    0.5971991E-03    0.4412070E+02   -0.5408343E+00   -0.1623619E+01    0.4171227E+02   -0.9203986E+00   -0.2320225E+02   -0.6258849E+02    0.4338091E+00   -0.5971248E-01    0.9251848E-01   -0.1847083E+01   -0.1851780E+02   -0.4077014E-03   -0.5450496E-03   -0.2174849E-02   -0.2640736E-03   -0.9658096E-03   -0.9701133E-02    0.3637620E-02   -0.2712939E-03   -0.2139456E-02   -0.2176413E-03    0.3928487E-03    0.1035579E-01   -0.3040466E-03    0.4441243E-02
    0.7962299E-06   -0.3871883E-04    0.1728898E-05    0.2089140E-03    0.1181880E-02   -0.1407679E-02    0.4402037E-03    0.6847857E-04    0.1568999E-04   -0.5408343E+00    0.8138620E-01   -0.6800020E-01   -0.5429581E+00    0.1016362E+01    0.1938409E+01    0.8612582E+00    0.6631207E-01   -0.9780015E-02    0.7134381E-02    0.9887606E-01    0.1122506E+00    0.3644503E-04    0.2054643E-04   -0.5712745E-04    0.7653433E-05    0.7080877E-04    0.4503282E-04   -0.5124544E-04    0.1121266E-03    0.6523059E-04    0.1010939E-03    0.3545848E-03   -0.9678728E-04    0.9033459E-05   -0.2070549E-04
    0.1419684E-04   -0.3591525E-03    0.2643768E-04    0.1020174E-02    0.8177445E-02   -0.1202032E-01    0.1494766E-02    0.4377996E-03    0.2650954E-04   -0.1623619E+01   -0.6800020E-01    0.3609832E+01   -0.2735171E+02   -0.3584070E+01    0.7584646E+01    0.6524491E+01   -0.2480364E+01   -0.1436248E+00    0.3014450E-02    0.2183387E+01    0.2013727E+01    0.3593838E-04   -0.4946135E-04    0.1175104E-02    0.4686036E-04    0.4853498E-03    0.3288116E-02   -0.6354367E-03    0.9217993E-03    0.6692673E-03    0.7123169E-03   -0.3259169E-02   -0.3554831E-02    0.1932556E-03   -0.3759300E-03
   -0.1844988E-03    0.7036312E-02   -0.5912728E-03   -0.2902191E-01   -0.1829562E+00    0.2429467E+00   -0.4553795E-01   -0.1165398E-01    0.2030900E-02    0.4171227E+02   -0.5429581E+00   -0.2735171E+02    0.7462537E+03    0.6353297E+02   -0.6002922E+02   -0.7057455E+02    0.1157470E+02   -0.3386279E+01    0.3390304E+01   -0.9499212E+01   -0.1474574E+02    0.9987690E-03    0.3381301E-03   -0.8843904E-02   -0.2208333E-02   -0.2259472E-02   -0.3262623E-02    0.1415741E-01   -0.1610933E-02    0.7772621E-02    0.1758552E-01    0.1483658E-01    0.2550243E-01    0.6209764E-02    0.4076634E-02
   -0.1008080E-03    0.2333646E-02   -0.2146168E-03   -0.8864769E-02   -0.5127996E-02    0.9323499E-01   -0.1147327E-01   -0.1902995E-02    0.5552779E-03   -0.9203986E+00    0.1016362E+01   -0.3584070E+01    0.6353297E+02    0.5863027E+02    0.4423276E+02    0.1888591E+02   -0.4310292E+01   -0.1769699E+00   -0.1067712E+01    0.3906495E+01    0.4408243E+01    0.2074986E-03   -0.1661105E-03   -0.3968668E-02   -0.8164456E-03   -0.3020591E-02   -0.2338700E-02   -0.2321951E-02    0.1924064E-02    0.7123124E-03    0.1263453E-02    0.1169280E-01    0.2070757E-01    0.1694856E-03    0.1470753E-03
   -0.7580877E-05   -0.4969905E-03   -0.3143025E-04    0.3077240E-02    0.7163269E-01   -0.1212060E-02    0.1030384E-01    0.2713897E-02    0.8220812E-03   -0.2320225E+02    0.1938409E+01    0.7584646E+01   -0.6002922E+02    0.4423276E+02    0.1002827E+03    0.6933340E+02   -0.1137570E+02   -0.7034874E+00   -0.5310425E+00    0.4390219E+01    0.5713701E+01    0.1187642E-02    0.2869846E-03    0.1755468E-02   -0.2205131E-03    0.2297725E-02    0.2935108E-02   -0.5963798E-02    0.5193539E-02    0.8107859E-02    0.4112699E-02    0.5997329E-02   -0.1549258E-02    0.8501353E-03   -0.2731709E-02
    0.1046544E-04   -0.1561981E-02    0.1610453E-04    0.6636699E-02    0.9752924E-01   -0.4010010E-01    0.1888338E-01    0.3513089E-02    0.1597954E-02   -0.6258849E+02    0.8612582E+00    0.6524491E+01   -0.7057455E+02    0.1888591E+02    0.6933340E+02    0.1239408E+03   -0.9901836E+01   -0.3124945E+00   -0.5033403E+00   -0.9593700E+00    0.1496431E+02    0.8751969E-03    0.5782965E-03    0.5550639E-02    0.2878511E-03    0.2318448E-02    0.9484378E-02   -0.5266143E-02    0.4278982E-02    0.1109919E-01    0.1637294E-02    0.8624522E-02   -0.2749075E-02    0.7690060E-03   -0.7890330E-02
   -0.2212285E-04    0.5742774E-03   -0.4270503E-04   -0.3038271E-02   -0.8960069E-02    0.2330481E-01   -0.6021741E-02   -0.1335948E-02   -0.7512257E-04    0.4338091E+00    0.6631207E-01   -0.2480364E+01    0.1157470E+02   -0.4310292E+01   -0.1137570E+02   -0.9901836E+01    0.5720875E+01    0.1201337E+00    0.1575550E-01   -0.1710692E+01   -0.1569757E+01   -0.1008284E-03   -0.6186590E-04   -0.1700413E-02    0.1733870E-04    0.3664236E-03   -0.9385308E-03    0.1072287E-02   -0.8440405E-03   -0.7992284E-04   -0.7731644E-05    0.6077793E-02    0.7269016E-02   -0.1324814E-03    0.1521612E-03
    0.3135413E-05    0.2000747E-03   -0.1187308E-04   -0.2123433E-03   -0.6139896E-02    0.6948260E-02   -0.3965940E-03    0.4471224E-03   -0.4328875E-05   -0.5971248E-01   -0.9780015E-02   -0.1436248E+00   -0.3386279E+01   -0.1769699E+00   -0.7034874E+00   -0.3124945E+00    0.1201337E+00    0.3470697E+01    0.4473573E+00    0.2324944E+00    0.3843876E+00    0.8683433E-04    0.3419909E-04   -0.2067161E-03    0.1066273E-03    0.8802014E-03   -0.4289334E-03   -0.2771131E-03    0.7860148E-03    0.1612992E-02   -0.2760889E-03   -0.2096811E-03    0.4983594E-02    0.2895712E-03   -0.4341711E-06
   -0.3114254E-05    0.1145844E-03   -0.1128190E-04   -0.7129362E-03   -0.5344090E-02    0.3785059E-02   -0.1901965E-02   -0.4399501E-04   -0.5486206E-04    0.9251848E-01    0.7134381E-02    0.3014450E-02    0.3390304E+01   -0.1067712E+01   -0.5310425E+00   -0.5033403E+00    0.1575550E-01    0.4473573E+00    0.3400247E+01    0.2635751E+01    0.1787705E+01   -0.9972807E-04   -0.1273651E-04   -0.1784169E-03    0.6495392E-04    0.4700510E-03    0.9801567E-04    0.3694475E-03    0.1272737E-03    0.1244137E-02   -0.7160556E-04    0.3761306E-02    0.3731609E-02   -0.2823158E-03   -0.2045669E-03
   -0.1257948E-04    0.2615780E-03   -0.1621108E-04   -0.2961473E-02   -0.1350945E-01    0.5480064E-02   -0.6360618E-02   -0.3608040E-03   -0.8145884E-04   -0.1847083E+01    0.9887606E-01    0.2183387E+01   -0.9499212E+01    0.3906495E+01    0.4390219E+01   -0.9593700E+00   -0.1710692E+01    0.2324944E+00    0.2635751E+01    0.1725419E+02    0.2591961E+02   -0.3619691E-03    0.2337797E-04   -0.1965690E-03    0.1167048E-04   -0.1744003E-02    0.7142418E-02   -0.5915946E-03    0.1114387E-02   -0.3634076E-02    0.3216363E-03   -0.1302618E-02   -0.6752673E-03   -0.1936418E-04    0.2577358E-02
   -0.3981089E-05    0.4176459E-04   -0.3830900E-05   -0.2721739E-02   -0.6107391E-02   -0.1930898E-02   -0.4151770E-02    0.3676078E-03    0.6369965E-03   -0.1851780E+02    0.1122506E+00    0.2013727E+01   -0.1474574E+02    0.4408243E+01    0.5713701E+01    0.1496431E+02   -0.1569757E+01    0.3843876E+00    0.1787705E+01    0.2591961E+02    0.5518026E+02   -0.3880588E-03    0.4178010E-03    0.7329009E-03    0.2640874E-03   -0.3197421E-02    0.1183228E-01   -0.4709253E-02   -0.1412185E-02   -0.8955836E-02   -0.1317460E-03   -0.9948594E-02   -0.2079234E-01    0.4289641E-04    0.4631342E-02
    0.3500796E-07    0.5565080E-06   -0.3060508E-07    0.3009751E-05   -0.3730651E-04    0.2881506E-04    0.7230851E-05    0.3399934E-05    0.7226736E-06   -0.4077014E-03    0.3644503E-04    0.3593838E-04    0.9987690E-03    0.2074986E-03    0.1187642E-02    0.8751969E-03   -0.1008284E-03    0.8683433E-04   -0.9972807E-04   -0.3619691E-03   -0.3880588E-03    0.3187875E-04    0.8385747E-05   -0.1369651E-05    0.3131447E-05   -0.1449044E-05    0.1007267E-04   -0.2796851E-05    0.2361322E-05    0.1779670E-05    0.3646750E-05    0.1065870E-04   -0.1346114E-04   -0.2048633E-07   -0.1203656E-06
    0.4559861E-07    0.7619571E-06   -0.4276795E-07    0.3222863E-05   -0.6205839E-04    0.3048675E-04    0.6671204E-05    0.3845613E-05    0.3493500E-06   -0.5450496E-03    0.2054643E-04   -0.4946135E-04    0.3381301E-03   -0.1661105E-03    0.2869846E-03    0.5782965E-03   -0.6186590E-04    0.3419909E-04   -0.1273651E-04    0.2337797E-04    0.4178010E-03    0.8385747E-05    0.2476018E-04    0.1214583E-05    0.1247082E-04   -0.1698855E-05    0.2877877E-05   -0.2518367E-05    0.3027445E-07   -0.4092639E-05   -0.1139728E-05    0.4831260E-05   -0.1254360E-04   -0.8166549E-07    0.1250004E-07
   -0.4037876E-07   -0.1570245E-05    0.1232066E-06    0.2452810E-05    0.6067358E-04   -0.4691422E-04    0.3223223E-05    0.1083492E-05    0.5912145E-06   -0.2174849E-02   -0.5712745E-04    0.1175104E-02   -0.8843904E-02   -0.3968668E-02    0.1755468E-02    0.5550639E-02   -0.1700413E-02   -0.2067161E-03   -0.1784169E-03   -0.1965690E-03    0.7329009E-03   -0.1369651E-05    0.1214583E-05    0.1074701E-02    0.5473944E-06   -0.8021992E-05    0.3921740E-04    0.1468974E-04    0.1099037E-05    0.5184590E-05   -0.2416710E-04   -0.2398565E-04    0.3811526E-04   -0.8246376E-09   -0.4076565E-06
    0.5391396E-07    0.6115346E-06   -0.1540852E-07    0.2546397E-05   -0.3933923E-04    0.3505503E-04    0.6336904E-05    0.3903200E-05    0.8597464E-06   -0.2640736E-03    0.7653433E-05    0.4686036E-04   -0.2208333E-02   -0.8164456E-03   -0.2205131E-03    0.2878511E-03    0.1733870E-04    0.1066273E-03    0.6495392E-04    0.1167048E-04    0.2640874E-03    0.3131447E-05    0.1247082E-04    0.5473944E-06    0.4671186E-04    0.3974112E-06   -0.2756612E-05   -0.4622419E-06    0.6462631E-06   -0.5245328E-06   -0.9074372E-06    0.1365406E-05   -0.1032897E-05   -0.6455685E-07    0.1151759E-07
    0.5055957E-07   -0.4411527E-05    0.3064003E-06   -0.1058571E-04    0.1550061E-03   -0.1623235E-03   -0.3071635E-04   -0.6196172E-05   -0.4379123E-06   -0.9658096E-03    0.7080877E-04    0.4853498E-03   -0.2259472E-02   -0.3020591E-02    0.2297725E-02    0.2318448E-02    0.3664236E-03    0.8802014E-03    0.4700510E-03   -0.1744003E-02   -0.3197421E-02   -0.1449044E-05   -0.1698855E-05   -0.8021992E-05    0.3974112E-06    0.2194740E-02    0.1250864E-03    0.3804336E-05   -0.5403105E-05    0.3571628E-04   -0.2150525E-04   -0.5892907E-04   -0.1131193E-03    0.1335607E-06   -0.4103764E-06
   -0.1647220E-06   -0.1129118E-04    0.3102024E-06   -0.2565698E-04    0.2888386E-03   -0.4404609E-03   -0.6556931E-04   -0.1768016E-04    0.2867774E-05   -0.9701133E-02    0.4503282E-04    0.3288116E-02   -0.3262623E-02   -0.2338700E-02    0.2935108E-02    0.9484378E-02   -0.9385308E-03   -0.4289334E-03    0.9801567E-04    0.7142418E-02    0.1183228E-01    0.1007267E-04    0.2877877E-05    0.3921740E-04   -0.2756612E-05    0.1250864E-03    0.1674612E-01   -0.3789679E-04   -0.1307446E-04    0.1908453E-03   -0.8379061E-05    0.6306293E-04    0.5485731E-03   -0.1196530E-07   -0.1649192E-05
   -0.9487964E-07   -0.2629026E-06   -0.4483783E-07   -0.2115742E-05   -0.1216257E-04   -0.8438067E-05   -0.5160194E-05   -0.1484483E-05   -0.4338040E-06    0.3637620E-02   -0.5124544E-04   -0.6354367E-03    0.1415741E-01   -0.2321951E-02   -0.5963798E-02   -0.5266143E-02    0.1072287E-02   -0.2771131E-03    0.3694475E-03   -0.5915946E-03   -0.4709253E-02   -0.2796851E-05   -0.2518367E-05    0.1468974E-04   -0.4622419E-06    0.3804336E-05   -0.3789679E-04    0.1430162E-02    0.3000676E-03    0.5150055E-04   -0.3964852E-03   -0.2658106E-03   -0.3264126E-03    0.2100756E-06   -0.2930826E-06
    0.5532285E-08    0.1281370E-07   -0.2321198E-07   -0.2208101E-06   -0.4438238E-04   -0.1279186E-06   -0.4364363E-06    0.2573302E-06    0.5527983E-07   -0.2712939E-03    0.1121266E-03    0.9217993E-03   -0.1610933E-02    0.1924064E-02    0.5193539E-02    0.4278982E-02   -0.8440405E-03    0.7860148E-03    0.1272737E-03    0.1114387E-02   -0.1412185E-02    0.2361322E-05    0.3027445E-07    0.1099037E-05    0.6462631E-06   -0.5403105E-05   -0.1307446E-04    0.3000676E-03    0.8566517E-03    0.2138806E-04    0.7632059E-03    0.6281613E-04   -0.6213596E-03    0.1643752E-06   -0.4901887E-06
   -0.1909599E-06   -0.8115255E-07   -0.5241393E-06   -0.4630670E-05    0.1474855E-03    0.3483540E-04   -0.1015211E-04   -0.2260260E-05   -0.1594451E-05   -0.2139456E-02    0.6523059E-04    0.6692673E-03    0.7772621E-02    0.7123124E-03    0.8107859E-02    0.1109919E-01   -0.7992284E-04    0.1612992E-02    0.1244137E-02   -0.3634076E-02   -0.8955836E-02    0.1779670E-05   -0.4092639E-05    0.5184590E-05   -0.5245328E-06    0.3571628E-04    0.1908453E-03    0.5150055E-04    0.2138806E-04    0.7243899E-02   -0.2464773E-03    0.1787565E-02    0.6004519E-02    0.5740050E-06   -0.1214175E-05
   -0.1176858E-06    0.1260311E-05   -0.1037465E-06   -0.1703112E-04   -0.1028117E-03   -0.2363784E-04   -0.3391581E-04   -0.2201274E-05   -0.5505105E-06   -0.2176413E-03    0.1010939E-03    0.7123169E-03    0.1758552E-01    0.1263453E-02    0.4112699E-02    0.1637294E-02   -0.7731644E-05   -0.2760889E-03   -0.7160556E-04    0.3216363E-03   -0.1317460E-03    0.3646750E-05   -0.1139728E-05   -0.2416710E-04   -0.9074372E-06   -0.2150525E-04   -0.8379061E-05   -0.3964852E-03    0.7632059E-03   -0.2464773E-03    0.2970628E-02    0.1150629E-02   -0.9378235E-04    0.7460648E-06   -0.1111721E-06
   -0.1235055E-05    0.8783119E-05   -0.4692999E-06   -0.4558523E-04   -0.2456776E-03    0.3824500E-04   -0.7692700E-04   -0.1140144E-04    0.1530341E-05    0.3928487E-03    0.3545848E-03   -0.3259169E-02    0.1483658E-01    0.1169280E-01    0.5997329E-02    0.8624522E-02    0.6077793E-02   -0.2096811E-03    0.3761306E-02   -0.1302618E-02   -0.9948594E-02    0.1065870E-04    0.4831260E-05   -0.2398565E-04    0.1365406E-05   -0.5892907E-04    0.6306293E-04   -0.2658106E-03    0.6281613E-04    0.1787565E-02    0.1150629E-02    0.1593510E-01    0.1895636E-01    0.1304250E-06   -0.1162696E-05
   -0.2817305E-05    0.1332094E-04   -0.2146666E-05   -0.9726302E-04    0.6543846E-04   -0.1073499E-03   -0.1515123E-03   -0.4920054E-04    0.4191075E-05    0.1035579E-01   -0.9678728E-04   -0.3554831E-02    0.2550243E-01    0.2070757E-01   -0.1549258E-02   -0.2749075E-02    0.7269016E-02    0.4983594E-02    0.3731609E-02   -0.6752673E-03   -0.2079234E-01   -0.1346114E-04   -0.1254360E-04    0.3811526E-04   -0.1032897E-05   -0.1131193E-03    0.5485731E-03   -0.3264126E-03   -0.6213596E-03    0.6004519E-02   -0.9378235E-04    0.1895636E-01    0.7956399E-01    0.1130040E-05   -0.4657885E-05
    0.2290525E-08    0.3227961E-07   -0.6180739E-08   -0.1812082E-07   -0.1393013E-05    0.5665468E-06    0.1475332E-06   -0.1312842E-06   -0.3018719E-07   -0.3040466E-03    0.9033459E-05    0.1932556E-03    0.6209764E-02    0.1694856E-03    0.8501353E-03    0.7690060E-03   -0.1324814E-03    0.2895712E-03   -0.2823158E-03   -0.1936418E-04    0.4289641E-04   -0.2048633E-07   -0.8166549E-07   -0.8246376E-09   -0.6455685E-07    0.1335607E-06   -0.1196530E-07    0.2100756E-06    0.1643752E-06    0.5740050E-06    0.7460648E-06    0.1304250E-06    0.1130040E-05    0.5988078E-06   -0.2534748E-07
   -0.4056240E-08    0.1534268E-06   -0.4039548E-08   -0.7827883E-06   -0.4088410E-05    0.5400525E-05   -0.1465642E-05   -0.1045565E-06   -0.1377566E-07    0.4441243E-02   -0.2070549E-04   -0.3759300E-03    0.4076634E-02    0.1470753E-03   -0.2731709E-02   -0.7890330E-02    0.1521612E-03   -0.4341711E-06   -0.2045669E-03    0.2577358E-02    0.4631342E-02   -0.1203656E-06    0.1250004E-07   -0.4076565E-06    0.1151759E-07   -0.4103764E-06   -0.1649192E-05   -0.2930826E-06   -0.4901887E-06   -0.1214175E-05   -0.1111721E-06   -0.1162696E-05   -0.4657885E-05   -0.2534748E-07    0.2116303E-05
