# omegabh2 omegach2 theta tau meffsterile nnu logA ns calPlanck ampia a1phot a2phot a3phot a4phot a5phot a6phot a7phot meadnuis2 alpha_SZ ystar_SZ bias_SZ scatter_SZ acib217 xi asz143 aps100 aps143 aps143217 aps217 aksz kgal100 kgal143 kgal143217 kgal217 galfEE100 galfEE100143 galfEE100217 galfEE143 galfEE143217 galfEE217 galfTE100 galfTE100143 galfTE100217 galfTE143 galfTE143217 galfTE217 cal0 cal2
    0.2332774E-07   -0.1396402E-07    0.9179232E-08    0.7887650E-06    0.1922197E-05    0.2902623E-05    0.1514259E-05    0.2687986E-06   -0.1575272E-07   -0.1383273E-04   -0.4406731E-07    0.3181246E-08   -0.2107742E-07    0.1011408E-06   -0.4862670E-06    0.1152488E-05   -0.1432915E-06    0.6420141E-06   -0.3536427E-06    0.1189312E-06    0.1537259E-05    0.1431025E-07   -0.4996642E-04    0.1181523E-06    0.2350934E-04   -0.3923498E-03   -0.2068135E-03   -0.7177525E-04   -0.2713380E-04   -0.2934098E-04   -0.3338650E-05   -0.4352103E-05   -0.1807585E-04   -0.1411975E-04    0.6052974E-07    0.4802130E-07    0.7816656E-07    0.6168021E-07    0.5879045E-07    0.8169344E-06   -0.1598472E-06   -0.1038977E-06   -0.7978637E-07   -0.2750587E-06   -0.1042971E-05   -0.3601728E-05    0.1256539E-08   -0.6394771E-08
   -0.1396402E-07    0.5854999E-05   -0.2644383E-06   -0.1305344E-05   -0.2737856E-03    0.9240801E-04    0.1379529E-05    0.2451384E-05   -0.4107926E-06    0.3327637E-03   -0.5295438E-06   -0.4115195E-06    0.1010247E-05   -0.2831907E-05   -0.9672634E-05   -0.2401879E-04    0.2472968E-05   -0.3733810E-04    0.4587196E-04   -0.2681672E-05   -0.4870364E-04    0.1854582E-06    0.1110340E-02   -0.1567212E-04   -0.3740824E-03    0.6040994E-02    0.1778783E-02   -0.6824475E-03   -0.1695460E-02    0.6229147E-03    0.1142277E-03    0.1433067E-03    0.2144699E-03    0.3616841E-04    0.2388030E-06   -0.1539260E-06   -0.2475228E-06   -0.2586126E-07   -0.2044667E-08   -0.1253457E-04   -0.5242984E-06   -0.1939614E-05    0.1614306E-05   -0.1616685E-05    0.2904365E-05    0.6122439E-05   -0.7762866E-08    0.1074066E-06
    0.9179232E-08   -0.2644383E-06    0.9907623E-07    0.5270344E-06    0.7672569E-05   -0.5670319E-05    0.8272709E-06    0.1631267E-07   -0.1919115E-08   -0.1741298E-04    0.4529232E-07   -0.2902459E-06   -0.2972555E-07   -0.2026678E-06    0.1273586E-06    0.1496439E-05   -0.6764981E-06    0.2161973E-06   -0.2665884E-05    0.2774222E-07    0.1899339E-05    0.8702352E-07    0.1664226E-04   -0.2282524E-05    0.1076539E-04   -0.1742688E-03   -0.1792566E-03   -0.1401737E-03   -0.8230543E-04   -0.2995778E-04   -0.6026050E-05    0.2901928E-05   -0.1279549E-04   -0.3472928E-04    0.2434252E-07    0.5502852E-07   -0.1082665E-06    0.3773621E-07   -0.4538349E-06    0.7697937E-06    0.3206857E-07    0.1282872E-06    0.1279615E-06   -0.4536723E-07   -0.6671812E-06   -0.2313099E-05    0.4057230E-08    0.1925080E-08
    0.7887650E-06   -0.1305344E-05    0.5270344E-06    0.1342349E-03    0.7973411E-04    0.1938689E-03    0.2407120E-03    0.2367215E-04   -0.7240455E-05   -0.2914091E-03   -0.5816368E-05   -0.1132687E-04   -0.1732740E-05    0.2242317E-04   -0.3814135E-04    0.1692694E-04    0.6921290E-05    0.6215955E-04   -0.6068584E-04    0.3936319E-05   -0.2893031E-04    0.9908673E-06   -0.2486895E-02   -0.4631864E-04    0.9751243E-03   -0.1879246E-01   -0.9942224E-02   -0.3631630E-02   -0.1951122E-02   -0.6349757E-03    0.1939917E-03    0.3636497E-03   -0.1837984E-02   -0.4185272E-02    0.3825904E-05    0.3180686E-05    0.9415074E-05    0.3146761E-05   -0.7166583E-06    0.3379027E-04   -0.1558432E-04   -0.1432618E-04    0.3120095E-05   -0.2380731E-04   -0.3579781E-04   -0.1024515E-03   -0.1640715E-06   -0.7390763E-06
    0.1922197E-05   -0.2737856E-03    0.7672569E-05    0.7973411E-04    0.2752456E-01   -0.2867017E-03    0.1864704E-03   -0.2267484E-03    0.2808318E-04   -0.2849617E-01    0.2736842E-04    0.1100681E-03   -0.1174036E-03    0.2010766E-04    0.4904292E-03    0.1813703E-02    0.3240989E-03    0.2911872E-02   -0.1755852E-02    0.2395685E-03    0.4573730E-02   -0.2309987E-04   -0.3612890E-01    0.5064742E-03    0.2236909E-01   -0.2443308E+00    0.1168963E-01    0.1332958E+00    0.1513244E+00   -0.3380042E-01   -0.2937869E-02   -0.6983782E-02   -0.8525674E-02   -0.2370165E-02   -0.4560358E-04   -0.2473697E-04   -0.7863889E-04   -0.3872284E-04    0.6764710E-04    0.1119024E-02   -0.6625630E-04    0.6981127E-04   -0.2826948E-04    0.2349565E-03    0.1585229E-03    0.1390219E-03   -0.8090514E-07   -0.6127892E-05
    0.2902623E-05    0.9240801E-04   -0.5670319E-05    0.1938689E-03   -0.2867017E-03    0.3703570E-02    0.4756983E-03    0.1070975E-03   -0.3998577E-05   -0.2540959E-02   -0.3906962E-04    0.8386932E-05   -0.1325140E-04   -0.2173237E-04   -0.2207535E-03   -0.8712372E-04    0.3142796E-03   -0.8486391E-04    0.7652818E-03    0.2526642E-04    0.2701578E-03    0.1550336E-05    0.2456818E-01   -0.6721941E-03   -0.3307165E-02    0.1044595E+00    0.4127790E-01    0.4897882E-02   -0.1666011E-01    0.9277938E-02    0.2904372E-02    0.2043372E-02    0.1836558E-02   -0.1613146E-02    0.1256528E-04    0.3088878E-06   -0.1363441E-04    0.4567035E-05    0.1716752E-04    0.1159421E-04   -0.5003742E-04   -0.5129626E-04    0.2836002E-04   -0.2655034E-04   -0.6016392E-05   -0.7891412E-04    0.1564744E-06    0.1657500E-05
    0.1514259E-05    0.1379529E-05    0.8272709E-06    0.2407120E-03    0.1864704E-03    0.4756983E-03    0.4601502E-03    0.4247328E-04   -0.3306148E-05   -0.9278589E-03   -0.9741719E-05   -0.1903699E-04   -0.7088312E-05    0.2561361E-04   -0.1011703E-03    0.3381551E-04    0.3883531E-05    0.8568616E-04   -0.8763387E-04    0.6040907E-05   -0.7689118E-04    0.8847967E-07   -0.3576638E-02   -0.4056100E-04    0.1775563E-02   -0.2855370E-01   -0.1403501E-01   -0.2039788E-02    0.1527620E-02   -0.1915601E-02    0.2597709E-03    0.2967279E-03   -0.3246097E-02   -0.5528891E-02    0.7804727E-05    0.5163650E-05    0.1557403E-04    0.6471503E-05   -0.5702279E-05    0.5700269E-04   -0.2961020E-04   -0.2632059E-04    0.1174216E-04   -0.4378098E-04   -0.6853878E-04   -0.1844573E-03   -0.1682803E-06   -0.1151945E-05
    0.2687986E-06    0.2451384E-05    0.1631267E-07    0.2367215E-04   -0.2267484E-03    0.1070975E-03    0.4247328E-04    0.1896178E-04   -0.4772712E-06   -0.7594535E-04   -0.2112267E-05   -0.3226440E-05    0.3046412E-05    0.8224358E-05   -0.1797410E-04   -0.4078485E-05    0.4570341E-05   -0.2667746E-04    0.1307830E-04   -0.6141930E-07   -0.1554439E-04    0.4432932E-06   -0.3335242E-02    0.6153812E-04    0.6913905E-03   -0.1531629E-01   -0.4217768E-02    0.1790667E-02    0.3830839E-02   -0.1722485E-02    0.2229940E-03   -0.8352174E-04   -0.4802211E-03    0.2780616E-03    0.3436683E-05    0.2768805E-05    0.1918551E-05    0.3929374E-05    0.1530091E-05    0.9304464E-05   -0.2626991E-05   -0.3995737E-06   -0.2476976E-05   -0.1961120E-05   -0.1107738E-04   -0.2035317E-04   -0.8727572E-07   -0.2889431E-06
   -0.1575272E-07   -0.4107926E-06   -0.1919115E-08   -0.7240455E-05    0.2808318E-04   -0.3998577E-05   -0.3306148E-05   -0.4772712E-06    0.5427726E-05   -0.2506609E-03    0.5934460E-06    0.9857194E-06   -0.1156163E-05   -0.4326615E-05   -0.9703429E-05    0.3114628E-05   -0.5351242E-05   -0.6156678E-05   -0.4000986E-05    0.1012615E-05    0.2374839E-05   -0.8859618E-06    0.6521760E-03    0.1182227E-04    0.1607868E-04    0.2424913E-02    0.1130532E-02    0.1233932E-02    0.1634748E-02   -0.1699322E-03   -0.3169518E-04   -0.7031481E-04    0.1756298E-03    0.1214562E-02    0.7779589E-06    0.3991103E-06    0.1939724E-06    0.9072288E-06   -0.9425728E-06   -0.1138053E-05    0.6697541E-06    0.1274095E-05    0.1832784E-05    0.1611281E-05   -0.2601511E-05    0.5349559E-05   -0.4387385E-08    0.1129360E-06
   -0.1383273E-04    0.3327637E-03   -0.1741298E-04   -0.2914091E-03   -0.2849617E-01   -0.2540959E-02   -0.9278589E-03   -0.7594535E-04   -0.2506609E-03    0.4562092E+00    0.1527886E-02    0.7188856E-03    0.1551697E-03   -0.2399872E-03    0.1402032E-02   -0.2146090E-02   -0.2004449E-02    0.4422010E-02    0.2050136E-02   -0.4175210E-03   -0.7593108E-02   -0.1927986E-04    0.1047044E+00    0.2962369E-02   -0.4438549E-01    0.3692689E+00    0.8379065E-01   -0.7500672E-01   -0.3038945E+00    0.5820097E-01   -0.6184432E-02    0.2322467E-01   -0.3364243E-01   -0.1729781E+00   -0.5305607E-04   -0.5636139E-04    0.4231330E-03   -0.7082985E-04    0.3731279E-03    0.9204096E-03   -0.4427610E-04   -0.2855485E-03   -0.6795831E-03   -0.2241003E-03   -0.2418333E-02   -0.4676413E-02   -0.5946064E-06   -0.1481327E-04
   -0.4406731E-07   -0.5295438E-06    0.4529232E-07   -0.5816368E-05    0.2736842E-04   -0.3906962E-04   -0.9741719E-05   -0.2112267E-05    0.5934460E-06    0.1527886E-02    0.1578226E-03    0.9736004E-05    0.3714298E-05   -0.1156896E-04   -0.3506718E-05    0.1795502E-04   -0.2010249E-04    0.3696273E-04    0.2559572E-06   -0.7472709E-06   -0.1897921E-04    0.1405005E-05   -0.3525692E-03    0.1407565E-03   -0.8553085E-04   -0.7163009E-03    0.8271469E-03    0.3388095E-02    0.5029695E-03    0.6055920E-03   -0.5572620E-04   -0.4566080E-03   -0.2249507E-02   -0.2984963E-02   -0.5047859E-06   -0.1485864E-05   -0.8783522E-06   -0.8348871E-06    0.3031597E-05    0.2226536E-04   -0.7449471E-05    0.1156456E-05    0.1838846E-04    0.7022352E-05    0.4544308E-05   -0.3165923E-05    0.1190125E-06   -0.3645355E-06
    0.3181246E-08   -0.4115195E-06   -0.2902459E-06   -0.1132687E-04    0.1100681E-03    0.8386932E-05   -0.1903699E-04   -0.3226440E-05    0.9857194E-06    0.7188856E-03    0.9736004E-05    0.9062179E-04    0.7764554E-05   -0.4726911E-05   -0.3865779E-05    0.3606324E-05   -0.2035004E-04    0.9497964E-04   -0.5463495E-05    0.5740397E-05    0.1767773E-04   -0.2007697E-05    0.9604669E-03   -0.8307087E-04   -0.1746466E-03   -0.3078573E-02   -0.1380630E-02   -0.2051670E-02   -0.9413414E-03    0.1265883E-03    0.4193274E-03   -0.4017724E-03   -0.9989565E-03   -0.5232728E-03   -0.2949501E-07   -0.4887667E-06   -0.5653274E-05   -0.1388873E-05    0.4029594E-05   -0.2247095E-04   -0.3764595E-06   -0.2585556E-05   -0.2441408E-04    0.8597789E-05    0.1523292E-04   -0.1935881E-04    0.3312397E-07    0.5452132E-07
   -0.2107742E-07    0.1010247E-05   -0.2972555E-07   -0.1732740E-05   -0.1174036E-03   -0.1325140E-04   -0.7088312E-05    0.3046412E-05   -0.1156163E-05    0.1551697E-03    0.3714298E-05    0.7764554E-05    0.6370762E-04    0.2482899E-05   -0.1283357E-04   -0.2034532E-04   -0.5815851E-05   -0.9837837E-06    0.6933874E-05    0.3584799E-05   -0.2349472E-04   -0.8465220E-06   -0.3628739E-03    0.1123595E-03    0.6928126E-04   -0.3839523E-03   -0.1547900E-03    0.2064262E-02    0.4115442E-03   -0.2703818E-03    0.2789871E-03    0.4171387E-03    0.9454615E-04   -0.6726442E-03    0.1520801E-05    0.1000384E-06    0.2525922E-06   -0.1055639E-05    0.1047658E-04   -0.3818107E-05    0.5694639E-05    0.5011462E-05    0.5243772E-05    0.2390000E-05   -0.2298543E-05    0.6561810E-04   -0.1021854E-06   -0.1583296E-07
    0.1011408E-06   -0.2831907E-05   -0.2026678E-06    0.2242317E-04    0.2010766E-04   -0.2173237E-04    0.2561361E-04    0.8224358E-05   -0.4326615E-05   -0.2399872E-03   -0.1156896E-04   -0.4726911E-05    0.2482899E-05    0.2552464E-03    0.3874014E-04   -0.2054483E-04   -0.3028451E-04   -0.6187826E-04    0.3916900E-05    0.6315910E-05    0.2275692E-04    0.3240465E-05   -0.1527385E-02   -0.1310386E-03    0.1143215E-02   -0.2592303E-01   -0.5144158E-02   -0.3820253E-02   -0.2553948E-02    0.3499680E-03    0.2003475E-03   -0.3795106E-03    0.1356929E-02    0.1924411E-02    0.1675435E-05    0.2306678E-05   -0.1020078E-04    0.1786781E-07    0.1274405E-04   -0.5614722E-06    0.7167774E-05   -0.1336062E-05   -0.3547575E-04   -0.4945479E-05    0.4510442E-04    0.1141547E-04   -0.2179567E-06    0.3522321E-06
   -0.4862670E-06   -0.9672634E-05    0.1273586E-06   -0.3814135E-04    0.4904292E-03   -0.2207535E-03   -0.1011703E-03   -0.1797410E-04   -0.9703429E-05    0.1402032E-02   -0.3506718E-05   -0.3865779E-05   -0.1283357E-04    0.3874014E-04    0.7940813E-03    0.3674651E-04    0.1567678E-03   -0.2004119E-03   -0.5739648E-04    0.4411403E-05    0.1743657E-03    0.2213688E-05   -0.4343330E-02    0.1264365E-03   -0.2186358E-02   -0.7981872E-02    0.2096484E-02   -0.3426675E-02   -0.2199533E-03    0.2755671E-02   -0.9828697E-03   -0.6131740E-03   -0.2229367E-02   -0.2425696E-02   -0.6490829E-05   -0.3858755E-05   -0.6818544E-05   -0.2803369E-05   -0.8256490E-05    0.1068192E-03    0.3576618E-04   -0.9010243E-05    0.1183618E-04   -0.2047803E-04    0.6347534E-05    0.1922406E-03    0.2670393E-06   -0.2323981E-06
    0.1152488E-05   -0.2401879E-04    0.1496439E-05    0.1692694E-04    0.1813703E-02   -0.8712372E-04    0.3381551E-04   -0.4078485E-05    0.3114628E-05   -0.2146090E-02    0.1795502E-04    0.3606324E-05   -0.2034532E-04   -0.2054483E-04    0.3674651E-04    0.1702251E-02    0.1084220E-03    0.9324293E-04   -0.1651390E-03    0.1983059E-04    0.3740784E-03   -0.3647740E-05   -0.7030901E-02    0.4768546E-03    0.2534304E-02   -0.4850378E-01   -0.3297365E-02    0.1766054E-01    0.1536935E-01   -0.5069627E-02   -0.1931587E-02   -0.1951660E-02   -0.6451543E-02   -0.1036756E-01    0.2860104E-05   -0.1695004E-05   -0.3838553E-04    0.3513807E-05   -0.3451427E-04    0.7430395E-04   -0.3663705E-04   -0.2606774E-04   -0.2007645E-04   -0.1248750E-04    0.7797535E-04   -0.1762679E-03    0.1089199E-06   -0.1862057E-05
   -0.1432915E-06    0.2472968E-05   -0.6764981E-06    0.6921290E-05    0.3240989E-03    0.3142796E-03    0.3883531E-05    0.4570341E-05   -0.5351242E-05   -0.2004449E-02   -0.2010249E-04   -0.2035004E-04   -0.5815851E-05   -0.3028451E-04    0.1567678E-03    0.1084220E-03    0.2856870E-02   -0.1789251E-03    0.3215932E-04   -0.2322147E-05    0.1663163E-03    0.2145053E-05   -0.1269181E-02   -0.1807070E-03   -0.4149312E-02    0.2730558E-01    0.9484080E-02   -0.1249604E-01   -0.5140561E-02    0.6450704E-02    0.3403165E-03   -0.9043859E-03   -0.1873742E-02   -0.5056771E-03    0.2813321E-05    0.3699691E-05    0.3666525E-04    0.5611931E-05   -0.1853813E-04    0.1712642E-03   -0.5169413E-04   -0.1884293E-04    0.8364247E-04   -0.4470633E-05    0.1468408E-03    0.4461484E-03   -0.5181507E-06   -0.9928185E-06
    0.6420141E-06   -0.3733810E-04    0.2161973E-06    0.6215955E-04    0.2911872E-02   -0.8486391E-04    0.8568616E-04   -0.2667746E-04   -0.6156678E-05    0.4422010E-02    0.3696273E-04    0.9497964E-04   -0.9837837E-06   -0.6187826E-04   -0.2004119E-03    0.9324293E-04   -0.1789251E-03    0.6248852E-02   -0.2921637E-03    0.4314729E-04    0.5880964E-03   -0.1437491E-04    0.2233737E-01   -0.6764037E-03   -0.6053446E-03    0.3636143E-01   -0.1959843E-01   -0.3570104E-01   -0.4718913E-01    0.6338398E-02   -0.9417204E-03    0.1074107E-02   -0.1877894E-02   -0.6973257E-02   -0.1238324E-04    0.6445848E-05   -0.4977377E-04   -0.9397343E-05    0.4989628E-04    0.1235064E-03    0.3080143E-04   -0.1142612E-04   -0.1009382E-03    0.2231804E-04   -0.2371108E-03   -0.6069520E-03    0.3364463E-06    0.1776340E-05
   -0.3536427E-06    0.4587196E-04   -0.2665884E-05   -0.6068584E-04   -0.1755852E-02    0.7652818E-03   -0.8763387E-04    0.1307830E-04   -0.4000986E-05    0.2050136E-02    0.2559572E-06   -0.5463495E-05    0.6933874E-05    0.3916900E-05   -0.5739648E-04   -0.1651390E-03    0.3215932E-04   -0.2921637E-03    0.2440501E-02    0.8231087E-04   -0.3269212E-04   -0.7244259E-05    0.1193496E-01   -0.2247835E-04   -0.3003391E-02    0.4129346E-01    0.1944059E-01    0.1945070E-02   -0.9640485E-02    0.3576374E-02    0.2501697E-03    0.1952159E-02    0.4988916E-03   -0.7096605E-02   -0.3221529E-05   -0.2559840E-06    0.6428897E-05    0.2278755E-05    0.3354437E-04   -0.1633215E-03   -0.1991550E-05   -0.3024636E-05   -0.2948555E-04    0.2693546E-05    0.9168677E-04    0.7966678E-04   -0.2298433E-06    0.9607107E-07
    0.1189312E-06   -0.2681672E-05    0.2774222E-07    0.3936319E-05    0.2395685E-03    0.2526642E-04    0.6040907E-05   -0.6141930E-07    0.1012615E-05   -0.4175210E-03   -0.7472709E-06    0.5740397E-05    0.3584799E-05    0.6315910E-05    0.4411403E-05    0.1983059E-04   -0.2322147E-05    0.4314729E-04    0.8231087E-04    0.4198680E-03   -0.3521639E-03   -0.9415445E-06    0.2174604E-02   -0.7801706E-04   -0.7047710E-03   -0.8832129E-02    0.7224335E-04   -0.2937825E-02   -0.2038364E-02    0.5242661E-03    0.5275308E-03    0.5393076E-03   -0.6458734E-03   -0.2129328E-02   -0.8894126E-06   -0.7369528E-06    0.6018794E-05   -0.4482145E-05    0.4986710E-05    0.2741620E-04    0.1153693E-04    0.9127804E-06    0.2357036E-04    0.2020041E-06    0.2735711E-04    0.4244655E-04   -0.5425404E-06   -0.2409864E-06
    0.1537259E-05   -0.4870364E-04    0.1899339E-05   -0.2893031E-04    0.4573730E-02    0.2701578E-03   -0.7689118E-04   -0.1554439E-04    0.2374839E-05   -0.7593108E-02   -0.1897921E-04    0.1767773E-04   -0.2349472E-04    0.2275692E-04    0.1743657E-03    0.3740784E-03    0.1663163E-03    0.5880964E-03   -0.3269212E-04   -0.3521639E-03    0.1972893E-02   -0.8583209E-05   -0.3088393E-02   -0.1437033E-03    0.4570502E-02   -0.2630323E-01    0.2062188E-02    0.1711178E-01    0.1930435E-01   -0.4949060E-02   -0.1902356E-02   -0.1988392E-02    0.1339700E-02    0.4118418E-02   -0.1193082E-06    0.2614748E-05   -0.8158559E-05    0.2723331E-05    0.3345399E-04    0.1268759E-03   -0.6381833E-05    0.1998611E-04   -0.3138699E-04    0.2285189E-04   -0.1319785E-04   -0.3228595E-04    0.1168100E-05    0.3299404E-06
    0.1431025E-07    0.1854582E-06    0.8702352E-07    0.9908673E-06   -0.2309987E-04    0.1550336E-05    0.8847967E-07    0.4432932E-06   -0.8859618E-06   -0.1927986E-04    0.1405005E-05   -0.2007697E-05   -0.8465220E-06    0.3240465E-05    0.2213688E-05   -0.3647740E-05    0.2145053E-05   -0.1437491E-04   -0.7244259E-05   -0.9415445E-06   -0.8583209E-05    0.9407238E-04   -0.2731652E-03    0.1744818E-04   -0.2380732E-03    0.1234516E-02    0.1989443E-02    0.3294232E-03    0.1000404E-03   -0.1302289E-03    0.1447263E-03   -0.5589280E-04    0.3248749E-03    0.1022386E-02   -0.3313637E-06   -0.3189542E-06    0.1512908E-05   -0.8207948E-07   -0.9100645E-05   -0.1834990E-04   -0.1917917E-06   -0.1438451E-05   -0.1867319E-04    0.4260823E-05    0.1349236E-04   -0.2494302E-04   -0.1787137E-06    0.1575048E-06
   -0.4996642E-04    0.1110340E-02    0.1664226E-04   -0.2486895E-02   -0.3612890E-01    0.2456818E-01   -0.3576638E-02   -0.3335242E-02    0.6521760E-03    0.1047044E+00   -0.3525692E-03    0.9604669E-03   -0.3628739E-03   -0.1527385E-02   -0.4343330E-02   -0.7030901E-02   -0.1269181E-02    0.2233737E-01    0.1193496E-01    0.2174604E-02   -0.3088393E-02   -0.2731652E-03    0.4298373E+02   -0.4385830E+00   -0.1706875E+01    0.3975945E+02    0.1495362E+00   -0.2017373E+02   -0.6051887E+02    0.5133512E-01   -0.2179891E+00    0.2327490E+00   -0.1903613E+01   -0.1847772E+02   -0.9392267E-03   -0.1127030E-03    0.7320028E-03   -0.1360839E-02   -0.3363147E-02   -0.1283390E-01    0.1043387E-03   -0.3986190E-02   -0.5402406E-02   -0.5109851E-02   -0.7784580E-02   -0.1223335E-01   -0.2394894E-03    0.4310424E-02
    0.1181523E-06   -0.1567212E-04   -0.2282524E-05   -0.4631864E-04    0.5064742E-03   -0.6721941E-03   -0.4056100E-04    0.6153812E-04    0.1182227E-04    0.2962369E-02    0.1407565E-03   -0.8307087E-04    0.1123595E-03   -0.1310386E-03    0.1264365E-03    0.4768546E-03   -0.1807070E-03   -0.6764037E-03   -0.2247835E-04   -0.7801706E-04   -0.1437033E-03    0.1744818E-04   -0.4385830E+00    0.7998032E-01   -0.8123390E-01   -0.3830754E+00    0.1050218E+01    0.1822211E+01    0.6482123E+00    0.8712903E-01   -0.1144366E-01    0.9827945E-02    0.1148335E+00    0.1093449E+00    0.2161686E-04   -0.2269317E-04   -0.7435789E-04    0.3481439E-04    0.2519152E-03   -0.1508520E-03    0.7732267E-04    0.6398337E-04    0.3635748E-03   -0.1244822E-03   -0.4799408E-03   -0.1074418E-02    0.2490515E-05   -0.1671841E-04
    0.2350934E-04   -0.3740824E-03    0.1076539E-04    0.9751243E-03    0.2236909E-01   -0.3307165E-02    0.1775563E-02    0.6913905E-03    0.1607868E-04   -0.4438549E-01   -0.8553085E-04   -0.1746466E-03    0.6928126E-04    0.1143215E-02   -0.2186358E-02    0.2534304E-02   -0.4149312E-02   -0.6053446E-03   -0.3003391E-02   -0.7047710E-03    0.4570502E-02   -0.2380732E-03   -0.1706875E+01   -0.8123390E-01    0.3697183E+01   -0.2752393E+02   -0.3145705E+01    0.8038181E+01    0.7307074E+01   -0.2768923E+01   -0.1943096E+00   -0.7156383E-01    0.2285505E+01    0.2213727E+01    0.1092395E-03   -0.4963144E-04   -0.8996803E-03    0.9405907E-04   -0.5685981E-03    0.4358315E-02    0.6837362E-03   -0.3202399E-03   -0.2576676E-02   -0.1772649E-02    0.4255399E-03    0.1151602E-02    0.1799562E-03   -0.3146436E-03
   -0.3923498E-03    0.6040994E-02   -0.1742688E-03   -0.1879246E-01   -0.2443308E+00    0.1044595E+00   -0.2855370E-01   -0.1531629E-01    0.2424913E-02    0.3692689E+00   -0.7163009E-03   -0.3078573E-02   -0.3839523E-03   -0.2592303E-01   -0.7981872E-02   -0.4850378E-01    0.2730558E-01    0.3636143E-01    0.4129346E-01   -0.8832129E-02   -0.2630323E-01    0.1234516E-02    0.3975945E+02   -0.3830754E+00   -0.2752393E+02    0.7319843E+03    0.5943399E+02   -0.5886956E+02   -0.7002300E+02    0.1212768E+02   -0.2815852E+01    0.4563786E+01   -0.1037233E+02   -0.1637277E+02   -0.2067586E-02   -0.2130330E-02    0.1524509E-01   -0.5501195E-02    0.3365011E-02   -0.4839462E-01   -0.2591332E-02   -0.8942984E-02    0.4472648E-02    0.8322903E-02   -0.4410289E-01   -0.1350732E+00    0.6032248E-02    0.3387149E-02
   -0.2068135E-03    0.1778783E-02   -0.1792566E-03   -0.9942224E-02    0.1168963E-01    0.4127790E-01   -0.1403501E-01   -0.4217768E-02    0.1130532E-02    0.8379065E-01    0.8271469E-03   -0.1380630E-02   -0.1547900E-03   -0.5144158E-02    0.2096484E-02   -0.3297365E-02    0.9484080E-02   -0.1959843E-01    0.1944059E-01    0.7224335E-04    0.2062188E-02    0.1989443E-02    0.1495362E+00    0.1050218E+01   -0.3145705E+01    0.5943399E+02    0.5986574E+02    0.4652133E+02    0.1831626E+02   -0.5059864E+01    0.6033047E-01   -0.7025961E+00    0.4485093E+01    0.4340916E+01   -0.4467247E-03   -0.2410420E-02   -0.1057180E-02   -0.1731811E-02    0.2046822E-02   -0.1557444E-02   -0.5847263E-03    0.2246272E-02    0.8374230E-02    0.6777489E-02    0.1104453E-01    0.6683589E-02    0.1389838E-03    0.1253604E-03
   -0.7177525E-04   -0.6824475E-03   -0.1401737E-03   -0.3631630E-02    0.1332958E+00    0.4897882E-02   -0.2039788E-02    0.1790667E-02    0.1233932E-02   -0.7500672E-01    0.3388095E-02   -0.2051670E-02    0.2064262E-02   -0.3820253E-02   -0.3426675E-02    0.1766054E-01   -0.1249604E-01   -0.3570104E-01    0.1945070E-02   -0.2937825E-02    0.1711178E-01    0.3294232E-03   -0.2017373E+02    0.1822211E+01    0.8038181E+01   -0.5886956E+02    0.4652133E+02    0.1001909E+03    0.6706932E+02   -0.1254701E+02   -0.6885719E+00   -0.2675864E+00    0.5451384E+01    0.6055785E+01    0.4308697E-03   -0.1953136E-02   -0.4877652E-02    0.8718576E-03    0.3541568E-02    0.1107374E-01    0.1767792E-02    0.2638998E-02    0.6252409E-02    0.3323730E-03    0.5110562E-02    0.1457019E-01    0.6144737E-03   -0.2438229E-02
   -0.2713380E-04   -0.1695460E-02   -0.8230543E-04   -0.1951122E-02    0.1513244E+00   -0.1666011E-01    0.1527620E-02    0.3830839E-02    0.1634748E-02   -0.3038945E+00    0.5029695E-03   -0.9413414E-03    0.4115442E-03   -0.2553948E-02   -0.2199533E-03    0.1536935E-01   -0.5140561E-02   -0.4718913E-01   -0.9640485E-02   -0.2038364E-02    0.1930435E-01    0.1000404E-03   -0.6051887E+02    0.6482123E+00    0.7307074E+01   -0.7002300E+02    0.1831626E+02    0.6706932E+02    0.1225176E+03   -0.1074368E+02    0.7740120E-01   -0.4686292E+00   -0.1266558E+00    0.1601711E+02    0.1338666E-02   -0.9389233E-03   -0.4672620E-02    0.2301419E-02    0.3137301E-02    0.1882914E-01    0.1007182E-02    0.6155680E-02    0.9379604E-02    0.9495836E-02    0.1864857E-01    0.6142310E-01    0.6308136E-03   -0.7504160E-02
   -0.2934098E-04    0.6229147E-03   -0.2995778E-04   -0.6349757E-03   -0.3380042E-01    0.9277938E-02   -0.1915601E-02   -0.1722485E-02   -0.1699322E-03    0.5820097E-01    0.6055920E-03    0.1265883E-03   -0.2703818E-03    0.3499680E-03    0.2755671E-02   -0.5069627E-02    0.6450704E-02    0.6338398E-02    0.3576374E-02    0.5242661E-03   -0.4949060E-02   -0.1302289E-03    0.5133512E-01    0.8712903E-01   -0.2768923E+01    0.1212768E+02   -0.5059864E+01   -0.1254701E+02   -0.1074368E+02    0.6238530E+01    0.4924951E-01   -0.1403798E+00   -0.2052563E+01   -0.1688322E+01   -0.8496772E-04    0.2847436E-03    0.6953322E-03   -0.2224461E-03    0.2572027E-03   -0.6789155E-02    0.3518526E-03   -0.8706076E-03    0.3849190E-02   -0.1951972E-02   -0.2529521E-02   -0.3286708E-02   -0.1339557E-03    0.1213789E-03
   -0.3338650E-05    0.1142277E-03   -0.6026050E-05    0.1939917E-03   -0.2937869E-02    0.2904372E-02    0.2597709E-03    0.2229940E-03   -0.3169518E-04   -0.6184432E-02   -0.5572620E-04    0.4193274E-03    0.2789871E-03    0.2003475E-03   -0.9828697E-03   -0.1931587E-02    0.3403165E-03   -0.9417204E-03    0.2501697E-03    0.5275308E-03   -0.1902356E-02    0.1447263E-03   -0.2179891E+00   -0.1144366E-01   -0.1943096E+00   -0.2815852E+01    0.6033047E-01   -0.6885719E+00    0.7740120E-01    0.4924951E-01    0.3291766E+01    0.4260985E+00    0.2589317E+00    0.4236974E+00   -0.5880030E-04   -0.1366630E-03    0.1104348E-02   -0.1923506E-03    0.1192429E-02   -0.2239520E-02    0.2025202E-03    0.1416379E-02    0.1435086E-02    0.5140361E-03    0.3478454E-03    0.9954120E-02    0.2643568E-03   -0.1913564E-04
   -0.4352103E-05    0.1433067E-03    0.2901928E-05    0.3636497E-03   -0.6983782E-02    0.2043372E-02    0.2967279E-03   -0.8352174E-04   -0.7031481E-04    0.2322467E-01   -0.4566080E-03   -0.4017724E-03    0.4171387E-03   -0.3795106E-03   -0.6131740E-03   -0.1951660E-02   -0.9043859E-03    0.1074107E-02    0.1952159E-02    0.5393076E-03   -0.1988392E-02   -0.5589280E-04    0.2327490E+00    0.9827945E-02   -0.7156383E-01    0.4563786E+01   -0.7025961E+00   -0.2675864E+00   -0.4686292E+00   -0.1403798E+00    0.4260985E+00    0.3344607E+01    0.2436747E+01    0.1532486E+01   -0.1094834E-04    0.9786357E-04    0.5734617E-03    0.5710965E-04    0.1889921E-02    0.1037630E-02   -0.7217206E-04   -0.3688129E-03   -0.1059190E-02   -0.9238627E-03   -0.1845135E-02   -0.9037958E-02   -0.2804148E-03   -0.2002597E-03
   -0.1807585E-04    0.2144699E-03   -0.1279549E-04   -0.1837984E-02   -0.8525674E-02    0.1836558E-02   -0.3246097E-02   -0.4802211E-03    0.1756298E-03   -0.3364243E-01   -0.2249507E-02   -0.9989565E-03    0.9454615E-04    0.1356929E-02   -0.2229367E-02   -0.6451543E-02   -0.1873742E-02   -0.1877894E-02    0.4988916E-03   -0.6458734E-03    0.1339700E-02    0.3248749E-03   -0.1903613E+01    0.1148335E+00    0.2285505E+01   -0.1037233E+02    0.4485093E+01    0.5451384E+01   -0.1266558E+00   -0.2052563E+01    0.2589317E+00    0.2436747E+01    0.1711028E+02    0.2573899E+02    0.2299968E-03   -0.5622668E-03    0.2963266E-03   -0.4871512E-03    0.1808664E-02    0.2283482E-02    0.2960355E-02    0.9734430E-03   -0.8366756E-02   -0.2434096E-03    0.1200981E-03   -0.1839165E-01    0.3469077E-04    0.2598284E-02
   -0.1411975E-04    0.3616841E-04   -0.3472928E-04   -0.4185272E-02   -0.2370165E-02   -0.1613146E-02   -0.5528891E-02    0.2780616E-03    0.1214562E-02   -0.1729781E+00   -0.2984963E-02   -0.5232728E-03   -0.6726442E-03    0.1924411E-02   -0.2425696E-02   -0.1036756E-01   -0.5056771E-03   -0.6973257E-02   -0.7096605E-02   -0.2129328E-02    0.4118418E-02    0.1022386E-02   -0.1847772E+02    0.1093449E+00    0.2213727E+01   -0.1637277E+02    0.4340916E+01    0.6055785E+01    0.1601711E+02   -0.1688322E+01    0.4236974E+00    0.1532486E+01    0.2573899E+02    0.5476353E+02    0.7147167E-03   -0.5359637E-03    0.1921156E-02    0.1567077E-03    0.2513030E-02    0.3428398E-02    0.4724189E-02    0.3948225E-02   -0.6387762E-02    0.5785048E-02    0.2108593E-02   -0.1815460E-01    0.1402309E-03    0.4648306E-02
    0.6052974E-07    0.2388030E-06    0.2434252E-07    0.3825904E-05   -0.4560358E-04    0.1256528E-04    0.7804727E-05    0.3436683E-05    0.7779589E-06   -0.5305607E-04   -0.5047859E-06   -0.2949501E-07    0.1520801E-05    0.1675435E-05   -0.6490829E-05    0.2860104E-05    0.2813321E-05   -0.1238324E-04   -0.3221529E-05   -0.8894126E-06   -0.1193082E-06   -0.3313637E-06   -0.9392267E-03    0.2161686E-04    0.1092395E-03   -0.2067586E-02   -0.4467247E-03    0.4308697E-03    0.1338666E-02   -0.8496772E-04   -0.5880030E-04   -0.1094834E-04    0.2299968E-03    0.7147167E-03    0.3104461E-04    0.7635608E-05   -0.3919582E-05    0.2931023E-05   -0.3831974E-05    0.1053329E-04    0.1614798E-05    0.1580197E-05   -0.3101742E-05   -0.4400448E-06   -0.2304811E-04   -0.7942467E-04   -0.5596856E-07   -0.3485219E-07
    0.4802130E-07   -0.1539260E-06    0.5502852E-07    0.3180686E-05   -0.2473697E-04    0.3088878E-06    0.5163650E-05    0.2768805E-05    0.3991103E-06   -0.5636139E-04   -0.1485864E-05   -0.4887667E-06    0.1000384E-06    0.2306678E-05   -0.3858755E-05   -0.1695004E-05    0.3699691E-05    0.6445848E-05   -0.2559840E-06   -0.7369528E-06    0.2614748E-05   -0.3189542E-06   -0.1127030E-03   -0.2269317E-04   -0.4963144E-04   -0.2130330E-02   -0.2410420E-02   -0.1953136E-02   -0.9389233E-03    0.2847436E-03   -0.1366630E-03    0.9786357E-04   -0.5622668E-03   -0.5359637E-03    0.7635608E-05    0.2496205E-04   -0.7309126E-06    0.1233145E-04    0.8668141E-06    0.6426920E-05    0.1651028E-06   -0.6730392E-06    0.8928386E-05   -0.2522010E-05    0.4296196E-05    0.7348578E-05   -0.1584227E-06   -0.2800442E-07
    0.7816656E-07   -0.2475228E-06   -0.1082665E-06    0.9415074E-05   -0.7863889E-04   -0.1363441E-04    0.1557403E-04    0.1918551E-05    0.1939724E-06    0.4231330E-03   -0.8783522E-06   -0.5653274E-05    0.2525922E-06   -0.1020078E-04   -0.6818544E-05   -0.3838553E-04    0.3666525E-04   -0.4977377E-04    0.6428897E-05    0.6018794E-05   -0.8158559E-05    0.1512908E-05    0.7320028E-03   -0.7435789E-04   -0.8996803E-03    0.1524509E-01   -0.1057180E-02   -0.4877652E-02   -0.4672620E-02    0.6953322E-03    0.1104348E-02    0.5734617E-03    0.2963266E-03    0.1921156E-02   -0.3919582E-05   -0.7309126E-06    0.1032435E-02   -0.3511521E-05    0.2104974E-04    0.2244426E-04    0.5234448E-05    0.1006532E-04    0.1125613E-03    0.3819941E-04   -0.6811906E-05   -0.5684709E-04    0.1264728E-06    0.4905358E-06
    0.6168021E-07   -0.2586126E-07    0.3773621E-07    0.3146761E-05   -0.3872284E-04    0.4567035E-05    0.6471503E-05    0.3929374E-05    0.9072288E-06   -0.7082985E-04   -0.8348871E-06   -0.1388873E-05   -0.1055639E-05    0.1786781E-07   -0.2803369E-05    0.3513807E-05    0.5611931E-05   -0.9397343E-05    0.2278755E-05   -0.4482145E-05    0.2723331E-05   -0.8207948E-07   -0.1360839E-02    0.3481439E-04    0.9405907E-04   -0.5501195E-02   -0.1731811E-02    0.8718576E-03    0.2301419E-02   -0.2224461E-03   -0.1923506E-03    0.5710965E-04   -0.4871512E-03    0.1567077E-03    0.2931023E-05    0.1233145E-04   -0.3511521E-05    0.4658667E-04   -0.1396709E-05    0.1278983E-04    0.2719921E-05    0.7457901E-06    0.7110581E-05   -0.3059613E-05   -0.2791076E-05   -0.2595119E-04   -0.1419220E-06    0.3957293E-08
    0.5879045E-07   -0.2044667E-08   -0.4538349E-06   -0.7166583E-06    0.6764710E-04    0.1716752E-04   -0.5702279E-05    0.1530091E-05   -0.9425728E-06    0.3731279E-03    0.3031597E-05    0.4029594E-05    0.1047658E-04    0.1274405E-04   -0.8256490E-05   -0.3451427E-04   -0.1853813E-04    0.4989628E-04    0.3354437E-04    0.4986710E-05    0.3345399E-04   -0.9100645E-05   -0.3363147E-02    0.2519152E-03   -0.5685981E-03    0.3365011E-02    0.2046822E-02    0.3541568E-02    0.3137301E-02    0.2572027E-03    0.1192429E-02    0.1889921E-02    0.1808664E-02    0.2513030E-02   -0.3831974E-05    0.8668141E-06    0.2104974E-04   -0.1396709E-05    0.2214821E-02    0.7455462E-04   -0.2878078E-04   -0.2229705E-05    0.4160686E-04   -0.4949671E-05    0.5191232E-04    0.2424643E-03   -0.8881290E-06   -0.1368802E-06
    0.8169344E-06   -0.1253457E-04    0.7697937E-06    0.3379027E-04    0.1119024E-02    0.1159421E-04    0.5700269E-04    0.9304464E-05   -0.1138053E-05    0.9204096E-03    0.2226536E-04   -0.2247095E-04   -0.3818107E-05   -0.5614722E-06    0.1068192E-03    0.7430395E-04    0.1712642E-03    0.1235064E-03   -0.1633215E-03    0.2741620E-04    0.1268759E-03   -0.1834990E-04   -0.1283390E-01   -0.1508520E-03    0.4358315E-02   -0.4839462E-01   -0.1557444E-02    0.1107374E-01    0.1882914E-01   -0.6789155E-02   -0.2239520E-02    0.1037630E-02    0.2283482E-02    0.3428398E-02    0.1053329E-04    0.6426920E-05    0.2244426E-04    0.1278983E-04    0.7455462E-04    0.1700260E-01    0.2345780E-04   -0.1034570E-04   -0.1243676E-03   -0.1006167E-04   -0.2766598E-03    0.4392440E-03    0.4523477E-06   -0.2248219E-05
   -0.1598472E-06   -0.5242984E-06    0.3206857E-07   -0.1558432E-04   -0.6625630E-04   -0.5003742E-04   -0.2961020E-04   -0.2626991E-05    0.6697541E-06   -0.4427610E-04   -0.7449471E-05   -0.3764595E-06    0.5694639E-05    0.7167774E-05    0.3576618E-04   -0.3663705E-04   -0.5169413E-04    0.3080143E-04   -0.1991550E-05    0.1153693E-04   -0.6381833E-05   -0.1917917E-06    0.1043387E-03    0.7732267E-04    0.6837362E-03   -0.2591332E-02   -0.5847263E-03    0.1767792E-02    0.1007182E-02    0.3518526E-03    0.2025202E-03   -0.7217206E-04    0.2960355E-02    0.4724189E-02    0.1614798E-05    0.1651028E-06    0.5234448E-05    0.2719921E-05   -0.2878078E-04    0.2345780E-04    0.1405367E-02    0.2848452E-03    0.9420207E-04   -0.4086192E-03   -0.3628496E-03   -0.2462069E-03    0.7295275E-06    0.7197721E-06
   -0.1038977E-06   -0.1939614E-05    0.1282872E-06   -0.1432618E-04    0.6981127E-04   -0.5129626E-04   -0.2632059E-04   -0.3995737E-06    0.1274095E-05   -0.2855485E-03    0.1156456E-05   -0.2585556E-05    0.5011462E-05   -0.1336062E-05   -0.9010243E-05   -0.2606774E-04   -0.1884293E-04   -0.1142612E-04   -0.3024636E-05    0.9127804E-06    0.1998611E-04   -0.1438451E-05   -0.3986190E-02    0.6398337E-04   -0.3202399E-03   -0.8942984E-02    0.2246272E-02    0.2638998E-02    0.6155680E-02   -0.8706076E-03    0.1416379E-02   -0.3688129E-03    0.9734430E-03    0.3948225E-02    0.1580197E-05   -0.6730392E-06    0.1006532E-04    0.7457901E-06   -0.2229705E-05   -0.1034570E-04    0.2848452E-03    0.8529214E-03    0.2825826E-04    0.7505130E-03    0.1369943E-03   -0.4368008E-03   -0.5092678E-07   -0.5997091E-07
   -0.7978637E-07    0.1614306E-05    0.1279615E-06    0.3120095E-05   -0.2826948E-04    0.2836002E-04    0.1174216E-04   -0.2476976E-05    0.1832784E-05   -0.6795831E-03    0.1838846E-04   -0.2441408E-04    0.5243772E-05   -0.3547575E-04    0.1183618E-04   -0.2007645E-04    0.8364247E-04   -0.1009382E-03   -0.2948555E-04    0.2357036E-04   -0.3138699E-04   -0.1867319E-04   -0.5402406E-02    0.3635748E-03   -0.2576676E-02    0.4472648E-02    0.8374230E-02    0.6252409E-02    0.9379604E-02    0.3849190E-02    0.1435086E-02   -0.1059190E-02   -0.8366756E-02   -0.6387762E-02   -0.3101742E-05    0.8928386E-05    0.1125613E-03    0.7110581E-05    0.4160686E-04   -0.1243676E-03    0.9420207E-04    0.2825826E-04    0.7158572E-02   -0.3246153E-03    0.1859263E-02    0.5761419E-02   -0.5221359E-07    0.1416853E-06
   -0.2750587E-06   -0.1616685E-05   -0.4536723E-07   -0.2380731E-04    0.2349565E-03   -0.2655034E-04   -0.4378098E-04   -0.1961120E-05    0.1611281E-05   -0.2241003E-03    0.7022352E-05    0.8597789E-05    0.2390000E-05   -0.4945479E-05   -0.2047803E-04   -0.1248750E-04   -0.4470633E-05    0.2231804E-04    0.2693546E-05    0.2020041E-06    0.2285189E-04    0.4260823E-05   -0.5109851E-02   -0.1244822E-03   -0.1772649E-02    0.8322903E-02    0.6777489E-02    0.3323730E-03    0.9495836E-02   -0.1951972E-02    0.5140361E-03   -0.9238627E-03   -0.2434096E-03    0.5785048E-02   -0.4400448E-06   -0.2522010E-05    0.3819941E-04   -0.3059613E-05   -0.4949671E-05   -0.1006167E-04   -0.4086192E-03    0.7505130E-03   -0.3246153E-03    0.2960037E-02    0.1285333E-02    0.6534775E-04   -0.4115341E-06    0.1113699E-06
   -0.1042971E-05    0.2904365E-05   -0.6671812E-06   -0.3579781E-04    0.1585229E-03   -0.6016392E-05   -0.6853878E-04   -0.1107738E-04   -0.2601511E-05   -0.2418333E-02    0.4544308E-05    0.1523292E-04   -0.2298543E-05    0.4510442E-04    0.6347534E-05    0.7797535E-04    0.1468408E-03   -0.2371108E-03    0.9168677E-04    0.2735711E-04   -0.1319785E-04    0.1349236E-04   -0.7784580E-02   -0.4799408E-03    0.4255399E-03   -0.4410289E-01    0.1104453E-01    0.5110562E-02    0.1864857E-01   -0.2529521E-02    0.3478454E-03   -0.1845135E-02    0.1200981E-03    0.2108593E-02   -0.2304811E-04    0.4296196E-05   -0.6811906E-05   -0.2791076E-05    0.5191232E-04   -0.2766598E-03   -0.3628496E-03    0.1369943E-03    0.1859263E-02    0.1285333E-02    0.1687937E-01    0.2015189E-01   -0.1169009E-05   -0.9619035E-06
   -0.3601728E-05    0.6122439E-05   -0.2313099E-05   -0.1024515E-03    0.1390219E-03   -0.7891412E-04   -0.1844573E-03   -0.2035317E-04    0.5349559E-05   -0.4676413E-02   -0.3165923E-05   -0.1935881E-04    0.6561810E-04    0.1141547E-04    0.1922406E-03   -0.1762679E-03    0.4461484E-03   -0.6069520E-03    0.7966678E-04    0.4244655E-04   -0.3228595E-04   -0.2494302E-04   -0.1223335E-01   -0.1074418E-02    0.1151602E-02   -0.1350732E+00    0.6683589E-02    0.1457019E-01    0.6142310E-01   -0.3286708E-02    0.9954120E-02   -0.9037958E-02   -0.1839165E-01   -0.1815460E-01   -0.7942467E-04    0.7348578E-05   -0.5684709E-04   -0.2595119E-04    0.2424643E-03    0.4392440E-03   -0.2462069E-03   -0.4368008E-03    0.5761419E-02    0.6534775E-04    0.2015189E-01    0.8068532E-01    0.9257344E-07   -0.2958756E-05
    0.1256539E-08   -0.7762866E-08    0.4057230E-08   -0.1640715E-06   -0.8090514E-07    0.1564744E-06   -0.1682803E-06   -0.8727572E-07   -0.4387385E-08   -0.5946064E-06    0.1190125E-06    0.3312397E-07   -0.1021854E-06   -0.2179567E-06    0.2670393E-06    0.1089199E-06   -0.5181507E-06    0.3364463E-06   -0.2298433E-06   -0.5425404E-06    0.1168100E-05   -0.1787137E-06   -0.2394894E-03    0.2490515E-05    0.1799562E-03    0.6032248E-02    0.1389838E-03    0.6144737E-03    0.6308136E-03   -0.1339557E-03    0.2643568E-03   -0.2804148E-03    0.3469077E-04    0.1402309E-03   -0.5596856E-07   -0.1584227E-06    0.1264728E-06   -0.1419220E-06   -0.8881290E-06    0.4523477E-06    0.7295275E-06   -0.5092678E-07   -0.5221359E-07   -0.4115341E-06   -0.1169009E-05    0.9257344E-07    0.5695347E-06    0.8465610E-08
   -0.6394771E-08    0.1074066E-06    0.1925080E-08   -0.7390763E-06   -0.6127892E-05    0.1657500E-05   -0.1151945E-05   -0.2889431E-06    0.1129360E-06   -0.1481327E-04   -0.3645355E-06    0.5452132E-07   -0.1583296E-07    0.3522321E-06   -0.2323981E-06   -0.1862057E-05   -0.9928185E-06    0.1776340E-05    0.9607107E-07   -0.2409864E-06    0.3299404E-06    0.1575048E-06    0.4310424E-02   -0.1671841E-04   -0.3146436E-03    0.3387149E-02    0.1253604E-03   -0.2438229E-02   -0.7504160E-02    0.1213789E-03   -0.1913564E-04   -0.2002597E-03    0.2598284E-02    0.4648306E-02   -0.3485219E-07   -0.2800442E-07    0.4905358E-06    0.3957293E-08   -0.1368802E-06   -0.2248219E-05    0.7197721E-06   -0.5997091E-07    0.1416853E-06    0.1113699E-06   -0.9619035E-06   -0.2958756E-05    0.8465610E-08    0.2080535E-05
