# omegabh2 omegach2 theta tau meffsterile nnu logA ns calPlanck ampia redzia lumia a1phot a2phot a3phot a4phot a5phot a6phot a7phot meadnuis2 alpha_SZ ystar_SZ bias_SZ scatter_SZ acib217 xi asz143 aps100 aps143 aps143217 aps217 aksz kgal100 kgal143 kgal143217 kgal217 galfEE100 galfEE100143 galfEE100217 galfEE143 galfEE143217 galfEE217 galfTE100 galfTE100143 galfTE100217 galfTE143 galfTE143217 galfTE217 cal0 cal2
    0.1595694E-07   -0.9610489E-08    0.4717426E-08   -0.5386053E-07    0.8080243E-06    0.1685645E-05    0.5570865E-07    0.1411266E-06    0.6572644E-07    0.3841942E-03   -0.2447878E-03   -0.1552384E-03    0.8927256E-06    0.3952145E-06    0.1413305E-05   -0.2318284E-06    0.1966044E-05    0.2247602E-05   -0.3787713E-07    0.3842114E-05   -0.3407520E-06   -0.1497251E-06    0.1408040E-05   -0.1198766E-06   -0.7809300E-04    0.3034655E-05    0.3212958E-04   -0.2243742E-03   -0.9577611E-04    0.6356551E-04    0.7077922E-04   -0.2054729E-04    0.1367976E-04    0.1139350E-04    0.5642637E-04    0.1009335E-03    0.1545165E-07    0.3929131E-07    0.2313154E-06    0.5975703E-07   -0.6919251E-07   -0.1205812E-05   -0.1862785E-06   -0.5146077E-07   -0.6541385E-08   -0.3086941E-06   -0.1464953E-05   -0.3683706E-05    0.6336144E-08   -0.2002387E-08
   -0.9610489E-08    0.2849500E-05   -0.8795842E-07   -0.3705065E-05   -0.6038631E-04    0.7037684E-04   -0.1175785E-05    0.7798239E-06    0.6316921E-06   -0.3100921E-02    0.6259281E-02    0.8273447E-03   -0.1070535E-04    0.9029291E-05    0.2576381E-04    0.8539549E-05   -0.1576835E-04   -0.7119446E-05   -0.2210943E-04    0.1895066E-03    0.1937655E-04   -0.3004156E-05   -0.2276031E-04   -0.2374810E-06    0.9195008E-04   -0.4705986E-04   -0.3996665E-03    0.3393485E-02    0.7693199E-03   -0.1186988E-02    0.5095584E-03    0.6629934E-03    0.1430482E-04   -0.7668015E-04   -0.6850048E-03   -0.7209890E-03   -0.1260310E-06    0.5558507E-07   -0.1241508E-05   -0.2136165E-07   -0.1659881E-05   -0.9658481E-05    0.1200440E-05    0.2887313E-05   -0.1831351E-05    0.5562125E-05    0.4626020E-05    0.3188932E-05   -0.6472431E-07   -0.1210173E-06
    0.4717426E-08   -0.8795842E-07    0.7382856E-07    0.1602498E-06    0.2984617E-05   -0.2961245E-05    0.1232097E-06    0.3530500E-07   -0.5568936E-07    0.1079359E-03   -0.2336678E-03   -0.1936222E-03    0.4898634E-05   -0.1419971E-05   -0.1512543E-05   -0.1273381E-05    0.1633638E-05    0.2302403E-05    0.1274593E-05   -0.6996252E-05   -0.5710380E-06   -0.1861965E-06    0.1387249E-05   -0.3907155E-08   -0.1834812E-03    0.1415794E-04    0.1351349E-04   -0.2412970E-03    0.2253720E-03    0.4652478E-03    0.2748740E-03   -0.3909232E-04   -0.2794701E-04    0.1541528E-04    0.9854561E-04    0.1828314E-03   -0.5117316E-07   -0.4017095E-07    0.7126307E-07   -0.5822018E-07    0.2191454E-06   -0.2052276E-06   -0.1452934E-06    0.2579710E-06    0.3427916E-06    0.5454303E-07   -0.1211113E-05   -0.3844631E-05   -0.6005499E-08    0.7308808E-08
   -0.5386053E-07   -0.3705065E-05    0.1602498E-06    0.3559100E-04    0.1616672E-03   -0.4138711E-04    0.4639911E-04    0.2843058E-05   -0.7943062E-05   -0.2015276E-01   -0.4457856E-02    0.6564067E-02    0.4030872E-04   -0.1396817E-03   -0.9428291E-04   -0.2024644E-04   -0.1021019E-03   -0.4008282E-04    0.1647511E-03   -0.9145221E-03   -0.3241492E-04    0.6105971E-05    0.1280411E-04    0.2165551E-05   -0.6408589E-02    0.2536976E-03    0.1095066E-02   -0.9606032E-02    0.6754728E-02    0.1411447E-01    0.1106872E-01   -0.2225680E-02    0.1743031E-03    0.7852335E-03    0.2673752E-02    0.3748351E-02   -0.1920479E-06   -0.7975747E-06    0.1788666E-05   -0.1326156E-05    0.1679850E-04    0.2734566E-04    0.4358178E-05    0.6064973E-05   -0.2748903E-04    0.6810761E-06   -0.4500005E-05   -0.2397336E-04    0.3417733E-07   -0.4819227E-06
    0.8080243E-06   -0.6038631E-04    0.2984617E-05    0.1616672E-03    0.1121286E-01    0.1389848E-02    0.2812673E-03   -0.7201294E-04   -0.5850794E-05    0.5671947E-01   -0.1955351E+00   -0.3919298E-01    0.6332119E-03   -0.3628565E-03    0.8845459E-04   -0.7532242E-03    0.4168668E-03    0.1049177E-02    0.5600540E-03   -0.5716162E-02   -0.3647072E-03    0.3974747E-03    0.1923247E-02    0.9261336E-04    0.1197112E+00   -0.8920828E-03    0.8484709E-03    0.1637808E+00    0.5585059E-01    0.2884930E-02   -0.1393938E+00   -0.3896257E-02    0.1756799E-01    0.4914157E-02    0.3146568E-01    0.3809796E-02    0.5533210E-05   -0.6007642E-05   -0.1372009E-03   -0.1655542E-06    0.1733839E-03   -0.6103861E-03   -0.3528541E-04   -0.4133517E-04   -0.1055381E-04    0.6670261E-04    0.6559791E-03    0.1073972E-02    0.3834889E-05    0.1928453E-04
    0.1685645E-05    0.7037684E-04   -0.2961245E-05   -0.4138711E-04    0.1389848E-02    0.3651478E-02    0.9733014E-04    0.7449915E-04    0.2295762E-04   -0.1584398E-01    0.7950150E-01   -0.9378999E-03   -0.3201728E-03    0.5672557E-04    0.1069107E-02    0.1647284E-03   -0.1768281E-03    0.3092446E-03   -0.3246257E-03    0.4574496E-02    0.4032902E-03   -0.2679979E-04    0.3207225E-03   -0.2263066E-04    0.4428240E-01   -0.1687013E-02   -0.1380243E-01    0.2308176E+00    0.6438229E-01   -0.3032330E-01   -0.2861930E-01    0.2347308E-01    0.6518741E-02   -0.7359729E-03   -0.3810484E-02   -0.1244192E-01    0.6020697E-05    0.1254727E-04   -0.6991126E-04    0.1439416E-04   -0.4829435E-04   -0.5463042E-03   -0.1009800E-04    0.8857263E-04   -0.1815514E-03    0.2020864E-03    0.2643326E-03    0.1749712E-03    0.5435382E-06    0.2429424E-05
    0.5570865E-07   -0.1175785E-05    0.1232097E-06    0.4639911E-04    0.2812673E-03    0.9733014E-04    0.8386543E-04    0.3835881E-05   -0.3750561E-05   -0.2945506E-01   -0.2420173E-03    0.1090231E-01   -0.4642845E-05   -0.1926576E-03   -0.3992964E-05   -0.1224225E-03   -0.1594692E-03    0.6848119E-04    0.2170220E-03   -0.5583536E-03   -0.2707948E-04    0.4941775E-05   -0.2996584E-05    0.5800781E-05   -0.3380076E-02    0.2216373E-03    0.5745869E-03   -0.3224921E-02    0.9842623E-02    0.1510834E-01    0.1170019E-01   -0.2474045E-02    0.1931328E-03    0.1121920E-02    0.1159869E-02    0.1139987E-03    0.1545266E-06   -0.6523019E-06   -0.7697209E-06   -0.1080681E-05    0.2054429E-04   -0.1542862E-04    0.3439888E-05    0.1500211E-04   -0.5642209E-04    0.2120423E-04   -0.1761107E-04   -0.5687082E-04   -0.1324035E-07   -0.7982327E-06
    0.1411266E-06    0.7798239E-06    0.3530500E-07    0.2843058E-05   -0.7201294E-04    0.7449915E-04    0.3835881E-05    0.1318762E-04   -0.3875595E-06    0.3236385E-02   -0.3839169E-02    0.8426873E-03   -0.3218701E-04   -0.2284113E-04   -0.1740979E-05    0.2509528E-04   -0.3909699E-05   -0.1548521E-05    0.4475572E-04    0.3503980E-04   -0.3979646E-05   -0.1008570E-04    0.1514296E-04   -0.5012924E-05   -0.5268354E-02    0.1984840E-03    0.2715898E-03   -0.8979691E-02    0.1354110E-02    0.6259974E-02    0.7703013E-02   -0.1386291E-02    0.2314306E-04   -0.1087300E-03    0.7019727E-03    0.2459644E-02    0.1892681E-05    0.2243040E-05   -0.8753642E-06    0.2417728E-05   -0.1147056E-04    0.5536066E-05   -0.1184540E-05    0.5262647E-05   -0.1999377E-04    0.3176499E-05   -0.2080973E-04   -0.4163933E-04   -0.4041640E-07   -0.3961071E-06
    0.6572644E-07    0.6316921E-06   -0.5568936E-07   -0.7943062E-05   -0.5850794E-05    0.2295762E-04   -0.3750561E-05   -0.3875595E-06    0.5193892E-05    0.7455215E-02   -0.1072017E-02   -0.1293506E-02   -0.3927971E-04    0.3447663E-04    0.6490407E-04   -0.4370045E-04    0.2998552E-04    0.7095036E-04   -0.3153718E-04    0.4386778E-03    0.2628035E-05   -0.3345197E-05    0.3839269E-05    0.6179415E-06    0.4679422E-02   -0.1090517E-03   -0.4272760E-03    0.5921788E-02   -0.2196002E-02   -0.5824469E-02   -0.6298125E-02    0.7207878E-03   -0.5170525E-04    0.1023293E-03   -0.1007266E-02   -0.2535842E-02    0.7438950E-06    0.8969606E-06   -0.4938348E-06    0.1223537E-05   -0.5422852E-05   -0.1669347E-04   -0.3054017E-05   -0.4384910E-07    0.1219118E-05    0.4869269E-05   -0.8988635E-05   -0.1427690E-05   -0.1014976E-06    0.1323923E-06
    0.3841942E-03   -0.3100921E-02    0.1079359E-03   -0.2015276E-01    0.5671947E-01   -0.1584398E-01   -0.2945506E-01    0.3236385E-02    0.7455215E-02    0.8303478E+02   -0.4022143E+02   -0.3766031E+02    0.1502953E+00    0.7449070E-01    0.1827616E+00    0.2005150E-01    0.3809988E+00    0.2820890E+00   -0.1651329E+00    0.3910318E+00   -0.3473033E-01   -0.7356092E-02    0.8752646E-01   -0.7045236E-02    0.1207225E+02   -0.2055534E+00   -0.9787758E+00    0.1261789E+02   -0.8738587E+01   -0.1641361E+02   -0.2288021E+02    0.1466611E+01    0.7782150E+00    0.3428903E+00   -0.1459224E+01   -0.5270384E+01    0.1247135E-02    0.1782891E-02    0.1940717E-02    0.3898275E-02   -0.3216622E-01   -0.3526912E-01   -0.1861504E-01   -0.1184847E-01    0.3354201E-01   -0.1259074E-01   -0.1283372E-01    0.4572214E-01   -0.1870209E-03    0.9249848E-03
   -0.2447878E-03    0.6259281E-02   -0.2336678E-03   -0.4457856E-02   -0.1955351E+00    0.7950150E-01   -0.2420173E-03   -0.3839169E-02   -0.1072017E-02   -0.4022143E+02    0.4466242E+02    0.1406198E+02   -0.4482612E-01    0.1536502E-01   -0.4064782E-01   -0.8417993E-02   -0.1433139E+00   -0.1273845E+00   -0.8049601E-01    0.3023081E+00    0.5022048E-01   -0.5642731E-02   -0.8934717E-01   -0.3739173E-03   -0.6944875E+01   -0.7406767E-01    0.1493320E+00   -0.5981120E+01    0.1575460E+01    0.3130349E+01    0.1372448E+02    0.1031138E+01   -0.4858470E+00   -0.5173381E+00   -0.2028981E+01   -0.6666234E+00   -0.8005535E-03   -0.4587015E-03    0.2695320E-03   -0.2043773E-02    0.1093770E-01   -0.3103101E-02    0.1564197E-01    0.1405259E-01   -0.1490430E-01    0.2050246E-01    0.1477506E-01   -0.1550018E-02   -0.5119764E-04   -0.1252489E-02
   -0.1552384E-03    0.8273447E-03   -0.1936222E-03    0.6564067E-02   -0.3919298E-01   -0.9378999E-03    0.1090231E-01    0.8426873E-03   -0.1293506E-02   -0.3766031E+02    0.1406198E+02    0.2764695E+02   -0.1829107E+00   -0.8083264E-01   -0.8020645E-01   -0.1566446E-01   -0.1995961E+00   -0.1118639E+00    0.1755358E+00    0.8224843E-01    0.1366527E-01   -0.2280470E-03   -0.3208727E-01    0.3503031E-02   -0.5817806E+01    0.1441139E+00    0.6179045E-01   -0.6686673E+01    0.2604301E+01    0.5984987E+01    0.9781490E+01   -0.3954642E+00   -0.3615957E+00   -0.1219748E+00    0.4108927E+00    0.2503899E+01   -0.9660739E-04   -0.1765064E-03   -0.4211690E-03   -0.9672701E-03    0.1071873E-01    0.1005282E-01    0.2798326E-02    0.4732902E-02   -0.1735569E-01    0.1198631E-01   -0.6489863E-03   -0.1078853E-01    0.8593872E-04   -0.4115762E-03
    0.8927256E-06   -0.1070535E-04    0.4898634E-05    0.4030872E-04    0.6332119E-03   -0.3201728E-03   -0.4642845E-05   -0.3218701E-04   -0.3927971E-04    0.1502953E+00   -0.4482612E-01   -0.1829107E+00    0.3263427E-02   -0.1251358E-03   -0.2663591E-03    0.1662593E-03    0.1144472E-02    0.4515841E-03   -0.1098589E-02   -0.4026484E-02    0.5325938E-05    0.1405996E-04    0.2186905E-03    0.4252388E-04   -0.5182705E-01    0.6437012E-03    0.4895968E-02   -0.2195138E-01    0.1180176E-01    0.4246803E-01    0.6550644E-01   -0.9173257E-03    0.8451031E-03   -0.6909327E-03    0.1317773E-01    0.3627307E-01   -0.1824151E-04   -0.1800686E-04    0.2723965E-04   -0.9046237E-05   -0.3034696E-04   -0.3375550E-03   -0.1374638E-05   -0.8455153E-05    0.1072989E-03   -0.7720071E-04    0.1166653E-03    0.1313136E-03    0.1487450E-05   -0.1673318E-05
    0.3952145E-06    0.9029291E-05   -0.1419971E-05   -0.1396817E-03   -0.3628565E-03    0.5672557E-04   -0.1926576E-03   -0.2284113E-04    0.3447663E-04    0.7449070E-01    0.1536502E-01   -0.8083264E-01   -0.1251358E-03    0.2672839E-02    0.5139074E-03    0.3194549E-04    0.4440718E-03   -0.3413736E-03   -0.1891472E-02    0.5628568E-02    0.6437059E-04   -0.1448185E-04    0.6926396E-04    0.1878427E-04    0.8378476E-01   -0.1749593E-02    0.4616166E-02   -0.9319070E-03   -0.2047950E-01   -0.4965293E-01   -0.1100737E+00   -0.2879924E-02   -0.1432684E-02   -0.2546330E-02    0.4146172E-02   -0.1705867E-01    0.4271506E-05    0.7995722E-06   -0.4435619E-04    0.7006451E-05    0.7222936E-04    0.1540767E-03    0.1242235E-03   -0.3513697E-04    0.2362436E-03   -0.1341266E-03   -0.1901116E-03   -0.1320160E-03   -0.2104889E-05    0.9250914E-05
    0.1413305E-05    0.2576381E-04   -0.1512543E-05   -0.9428291E-04    0.8845459E-04    0.1069107E-02   -0.3992964E-05   -0.1740979E-05    0.6490407E-04    0.1827616E+00   -0.4064782E-01   -0.8020645E-01   -0.2663591E-03    0.5139074E-03    0.2121381E-02   -0.3723076E-03    0.8634642E-03    0.1158930E-02   -0.9232009E-03    0.6900340E-02    0.9532660E-04   -0.5639883E-04    0.6076137E-04   -0.1978488E-04    0.1111073E+00   -0.2613536E-02   -0.1243989E-01    0.1884128E+00   -0.3132478E-01   -0.1302885E+00   -0.1623811E+00    0.2057200E-01   -0.1205289E-04    0.3569636E-02   -0.1745144E-01   -0.5682057E-01    0.6749482E-05    0.1080260E-04   -0.2310959E-05    0.1405503E-04   -0.1235298E-03   -0.4022529E-03   -0.5494294E-04   -0.6363909E-07    0.9324384E-04    0.5403670E-04   -0.4042380E-04    0.1536625E-03   -0.1748864E-05    0.5650428E-05
   -0.2318284E-06    0.8539549E-05   -0.1273381E-05   -0.2024644E-04   -0.7532242E-03    0.1647284E-03   -0.1224225E-03    0.2509528E-04   -0.4370045E-04    0.2005150E-01   -0.8417993E-02   -0.1566446E-01    0.1662593E-03    0.3194549E-04   -0.3723076E-03    0.1471855E-02    0.6308154E-04   -0.9891430E-03   -0.7344339E-04   -0.2409121E-02    0.2887431E-04    0.2006942E-04   -0.7006579E-04   -0.1139348E-04   -0.1960005E-01    0.1938312E-03   -0.1280882E-02   -0.3040498E-01   -0.4758941E-02   -0.4543137E-02   -0.3592328E-02    0.1457369E-02    0.3548182E-02   -0.3757794E-02    0.1445817E-01    0.3764648E-01   -0.9187720E-05   -0.2339156E-05    0.7519324E-05   -0.2517014E-05   -0.1971468E-04    0.2093206E-03    0.8127362E-05   -0.1435853E-04    0.1047759E-03   -0.4567873E-04    0.4822740E-04    0.4544465E-04    0.1084489E-05    0.6715522E-05
    0.1966044E-05   -0.1576835E-04    0.1633638E-05   -0.1021019E-03    0.4168668E-03   -0.1768281E-03   -0.1594692E-03   -0.3909699E-05    0.2998552E-04    0.3809988E+00   -0.1433139E+00   -0.1995961E+00    0.1144472E-02    0.4440718E-03    0.8634642E-03    0.6308154E-04    0.2416279E-02    0.1384102E-02   -0.1172866E-02    0.1466865E-02   -0.1755085E-03   -0.4523030E-04    0.4587351E-03   -0.8366025E-04    0.4472791E-01   -0.1069858E-02   -0.8357149E-03    0.4751273E-01   -0.5172408E-01   -0.7262408E-01   -0.9070910E-01    0.9247291E-02    0.1544914E-02    0.1741759E-02   -0.7814013E-02   -0.2508331E-01    0.7712348E-05    0.8038496E-05    0.2844582E-04    0.1039855E-04   -0.1359288E-03   -0.1597891E-03   -0.8868767E-04   -0.4133041E-04    0.1144554E-03   -0.4592386E-04   -0.1905460E-03   -0.9753156E-04   -0.7163212E-07    0.1929633E-05
    0.2247602E-05   -0.7119446E-05    0.2302403E-05   -0.4008282E-04    0.1049177E-02    0.3092446E-03    0.6848119E-04   -0.1548521E-05    0.7095036E-04    0.2820890E+00   -0.1273845E+00   -0.1118639E+00    0.4515841E-03   -0.3413736E-03    0.1158930E-02   -0.9891430E-03    0.1384102E-02    0.2741844E-02   -0.1609755E-03    0.5682507E-02   -0.9055915E-04   -0.4604626E-05    0.3193253E-03   -0.2345396E-04    0.5315213E-01   -0.7640620E-03   -0.3444598E-02    0.8103979E-01   -0.1943761E-01   -0.5194759E-01   -0.6691056E-01    0.6917595E-02    0.1333986E-02    0.4901721E-02   -0.1213819E-01   -0.3883838E-01    0.1283469E-04    0.1571253E-04    0.1348472E-04    0.2271249E-04   -0.7232344E-04   -0.5150640E-03   -0.1120139E-03    0.2320922E-04    0.4016640E-05    0.1015263E-03   -0.1622484E-03   -0.2047644E-03   -0.1109348E-05   -0.1997801E-05
   -0.3787713E-07   -0.2210943E-04    0.1274593E-05    0.1647511E-03    0.5600540E-03   -0.3246257E-03    0.2170220E-03    0.4475572E-04   -0.3153718E-04   -0.1651329E+00   -0.8049601E-01    0.1755358E+00   -0.1098589E-02   -0.1891472E-02   -0.9232009E-03   -0.7344339E-04   -0.1172866E-02   -0.1609755E-03    0.3314865E-02   -0.4414693E-02   -0.6989264E-04   -0.1672156E-04    0.1356238E-03    0.2736668E-04   -0.1047560E+00    0.3867152E-02    0.5122302E-03   -0.4877740E-01    0.5836426E-01    0.1317965E+00    0.1593861E+00   -0.1316897E-01    0.3406155E-03    0.4718624E-02    0.1344331E-01    0.4531095E-01   -0.2308852E-05    0.2635218E-05   -0.3004967E-04   -0.2466626E-05    0.2199008E-04    0.1207368E-03   -0.9930809E-04    0.1022243E-04   -0.2161332E-03    0.4470385E-04   -0.1004339E-03   -0.2062802E-03    0.1782441E-05   -0.7519654E-05
    0.3842114E-05    0.1895066E-03   -0.6996252E-05   -0.9145221E-03   -0.5716162E-02    0.4574496E-02   -0.5583536E-03    0.3503980E-04    0.4386778E-03    0.3910318E+00    0.3023081E+00    0.8224843E-01   -0.4026484E-02    0.5628568E-02    0.6900340E-02   -0.2409121E-02    0.1466865E-02    0.5682507E-02   -0.4414693E-02    0.1087378E+00    0.5925698E-03   -0.7179625E-03   -0.1069634E-02    0.2676160E-03    0.3614817E+00   -0.1251610E-01   -0.3720249E-01    0.2642932E+00   -0.2557429E+00   -0.5568139E+00   -0.4678628E+00    0.9213346E-01   -0.3885399E-01   -0.4705802E-01   -0.1824781E+00   -0.3220881E+00    0.4561415E-05    0.3955531E-04    0.8844757E-04    0.6664226E-04   -0.5145929E-03   -0.1341357E-02    0.5434739E-04    0.3886924E-03    0.4371504E-03    0.9738511E-03   -0.1011940E-02   -0.3189462E-03   -0.8438094E-05   -0.2537470E-05
   -0.3407520E-06    0.1937655E-04   -0.5710380E-06   -0.3241492E-04   -0.3647072E-03    0.4032902E-03   -0.2707948E-04   -0.3979646E-05    0.2628035E-05   -0.3473033E-01    0.5022048E-01    0.1366527E-01    0.5325938E-05    0.6437059E-04    0.9532660E-04    0.2887431E-04   -0.1755085E-03   -0.9055915E-04   -0.6989264E-04    0.5925698E-03    0.2221048E-02    0.3783111E-04    0.1043083E-03    0.3207274E-04    0.2201510E-02   -0.1680552E-03   -0.2771946E-02    0.5921695E-01    0.1798244E-01    0.1996091E-02    0.8066380E-02    0.2333986E-02   -0.7525597E-03    0.1915267E-02    0.2639505E-02    0.6317998E-02   -0.3582938E-05   -0.3458028E-05   -0.4477223E-04   -0.2985512E-05    0.8299798E-04    0.6872481E-05    0.9661595E-05   -0.5044634E-04    0.1145480E-03   -0.4063363E-04    0.2468055E-04    0.5664012E-03    0.3521832E-06    0.1036421E-05
   -0.1497251E-06   -0.3004156E-05   -0.1861965E-06    0.6105971E-05    0.3974747E-03   -0.2679979E-04    0.4941775E-05   -0.1008570E-04   -0.3345197E-05   -0.7356092E-02   -0.5642731E-02   -0.2280470E-03    0.1405996E-04   -0.1448185E-04   -0.5639883E-04    0.2006942E-04   -0.4523030E-04   -0.4604626E-05   -0.1672156E-04   -0.7179625E-03    0.3783111E-04    0.3929017E-03   -0.3153162E-03    0.8033351E-06    0.4837430E-02   -0.2861384E-03    0.8494231E-03   -0.4875722E-02   -0.8834395E-03    0.8353686E-03   -0.3940435E-03   -0.2180233E-02    0.2287048E-03   -0.7846520E-03   -0.4038136E-02   -0.8108566E-02   -0.3000314E-05   -0.2177181E-05   -0.1361979E-04   -0.2892138E-05    0.4507567E-04   -0.6659783E-04    0.3334087E-05   -0.3677759E-04   -0.1075703E-04   -0.1180597E-05   -0.3648964E-04   -0.1834224E-04    0.1084500E-06   -0.5971675E-06
    0.1408040E-05   -0.2276031E-04    0.1387249E-05    0.1280411E-04    0.1923247E-02    0.3207225E-03   -0.2996584E-05    0.1514296E-04    0.3839269E-05    0.8752646E-01   -0.8934717E-01   -0.3208727E-01    0.2186905E-03    0.6926396E-04    0.6076137E-04   -0.7006579E-04    0.4587351E-03    0.3193253E-03    0.1356238E-03   -0.1069634E-02    0.1043083E-03   -0.3153162E-03    0.1229702E-02   -0.5264579E-05    0.2384409E-01    0.3924859E-03    0.7275957E-03    0.6881329E-01    0.1712262E-01    0.4841105E-02   -0.3851022E-01    0.1031908E-02    0.3235008E-02    0.2615050E-02    0.2268710E-01    0.2627497E-01    0.7115080E-05    0.6523315E-05   -0.3565896E-05    0.1205068E-04   -0.2645597E-04   -0.7687653E-04   -0.3397849E-04   -0.1700252E-05    0.9427737E-04   -0.4917299E-04    0.8908684E-04    0.9136816E-04    0.1620849E-05    0.7248352E-05
   -0.1198766E-06   -0.2374810E-06   -0.3907155E-08    0.2165551E-05    0.9261336E-04   -0.2263066E-04    0.5800781E-05   -0.5012924E-05    0.6179415E-06   -0.7045236E-02   -0.3739173E-03    0.3503031E-02    0.4252388E-04    0.1878427E-04   -0.1978488E-04   -0.1139348E-04   -0.8366025E-04   -0.2345396E-04    0.2736668E-04    0.2676160E-03    0.3207274E-04    0.8033351E-06   -0.5264579E-05    0.9624775E-04    0.2756564E-02    0.6520962E-04   -0.1366584E-02    0.1566700E-01    0.5558707E-02    0.1615137E-03   -0.4412475E-02   -0.2707255E-03    0.7645122E-03    0.1454340E-02    0.4235873E-02    0.6991343E-02   -0.2917447E-05   -0.1814118E-05   -0.4817365E-05   -0.1440356E-05    0.6793312E-05   -0.5734958E-04   -0.2293305E-05   -0.1023037E-05    0.1789382E-04   -0.2250516E-05    0.1362989E-04    0.1231891E-03   -0.9699395E-08    0.1457244E-05
   -0.7809300E-04    0.9195008E-04   -0.1834812E-03   -0.6408589E-02    0.1197112E+00    0.4428240E-01   -0.3380076E-02   -0.5268354E-02    0.4679422E-02    0.1207225E+02   -0.6944875E+01   -0.5817806E+01   -0.5182705E-01    0.8378476E-01    0.1111073E+00   -0.1960005E-01    0.4472791E-01    0.5315213E-01   -0.1047560E+00    0.3614817E+00    0.2201510E-02    0.4837430E-02    0.2384409E-01    0.2756564E-02    0.4631898E+02   -0.7303301E+00   -0.1184359E+01    0.3779808E+02   -0.4150548E+01   -0.2740579E+02   -0.6433668E+02    0.1846986E+00    0.2667293E+00    0.7545475E-01   -0.1764781E+01   -0.1852633E+02    0.3101591E-03    0.3255779E-03   -0.6597059E-02    0.1652886E-02    0.1427403E-02   -0.1633613E-01    0.1122382E-02    0.2303706E-02    0.1478174E-01    0.3769044E-02    0.6035894E-02    0.6150780E-02   -0.2834792E-03    0.4555708E-02
    0.3034655E-05   -0.4705986E-04    0.1415794E-04    0.2536976E-03   -0.8920828E-03   -0.1687013E-02    0.2216373E-03    0.1984840E-03   -0.1090517E-03   -0.2055534E+00   -0.7406767E-01    0.1441139E+00    0.6437012E-03   -0.1749593E-02   -0.2613536E-02    0.1938312E-03   -0.1069858E-02   -0.7640620E-03    0.3867152E-02   -0.1251610E-01   -0.1680552E-03   -0.2861384E-03    0.3924859E-03    0.6520962E-04   -0.7303301E+00    0.8085887E-01   -0.7109800E-01   -0.7367712E+00    0.9073178E+00    0.1847116E+01    0.9653086E+00    0.7836112E-01   -0.2006854E-02    0.1819919E-01    0.1488213E+00    0.2822037E+00   -0.2546928E-05   -0.1128116E-04    0.1139801E-03    0.2076489E-04   -0.5301654E-03   -0.6600342E-03   -0.4777463E-03   -0.3305514E-03   -0.9584610E-03   -0.2016540E-03   -0.1393065E-02   -0.2946694E-02    0.8609082E-05   -0.1979714E-04
    0.3212958E-04   -0.3996665E-03    0.1351349E-04    0.1095066E-02    0.8484709E-03   -0.1380243E-01    0.5745869E-03    0.2715898E-03   -0.4272760E-03   -0.9787758E+00    0.1493320E+00    0.6179045E-01    0.4895968E-02    0.4616166E-02   -0.1243989E-01   -0.1280882E-02   -0.8357149E-03   -0.3444598E-02    0.5122302E-03   -0.3720249E-01   -0.2771946E-02    0.8494231E-03    0.7275957E-03   -0.1366584E-02   -0.1184359E+01   -0.7109800E-01    0.3751769E+01   -0.2763650E+02   -0.3832693E+01    0.7329768E+01    0.5742749E+01   -0.2616148E+01   -0.8672064E-01    0.5039028E-01    0.2545131E+01    0.2244406E+01    0.3132270E-03    0.1137670E-03    0.3694442E-02    0.9457760E-04    0.3549676E-03   -0.5988351E-02    0.3399578E-02    0.4177060E-02   -0.7075781E-03    0.1850094E-02   -0.4105774E-02   -0.1931257E-01    0.2499782E-03   -0.2494495E-03
   -0.2243742E-03    0.3393485E-02   -0.2412970E-03   -0.9606032E-02    0.1637808E+00    0.2308176E+00   -0.3224921E-02   -0.8979691E-02    0.5921788E-02    0.1261789E+02   -0.5981120E+01   -0.6686673E+01   -0.2195138E-01   -0.9319070E-03    0.1884128E+00   -0.3040498E-01    0.4751273E-01    0.8103979E-01   -0.4877740E-01    0.2642932E+00    0.5921695E-01   -0.4875722E-02    0.6881329E-01    0.1566700E-01    0.3779808E+02   -0.7367712E+00   -0.2763650E+02    0.7423968E+03    0.6415985E+02   -0.5758698E+02   -0.6025945E+02    0.1009885E+02   -0.2133325E+01    0.2968739E+01   -0.1002528E+02   -0.1000760E+02   -0.3943197E-02    0.8707305E-03   -0.4871781E-01    0.1811880E-03    0.7063650E-01    0.9043088E-01   -0.6627333E-01   -0.3080305E-01   -0.4530905E-01   -0.3545780E-03    0.8492098E-01    0.7459283E-01    0.5660853E-02    0.4724917E-02
   -0.9577611E-04    0.7693199E-03    0.2253720E-03    0.6754728E-02    0.5585059E-01    0.6438229E-01    0.9842623E-02    0.1354110E-02   -0.2196002E-02   -0.8738587E+01    0.1575460E+01    0.2604301E+01    0.1180176E-01   -0.2047950E-01   -0.3132478E-01   -0.4758941E-02   -0.5172408E-01   -0.1943761E-01    0.5836426E-01   -0.2557429E+00    0.1798244E-01   -0.8834395E-03    0.1712262E-01    0.5558707E-02   -0.4150548E+01    0.9073178E+00   -0.3832693E+01    0.6415985E+02    0.5469939E+02    0.4037062E+02    0.2082780E+02   -0.4351487E+01    0.5527627E+00   -0.1091657E+01    0.4076906E+01    0.7315567E+01   -0.2401929E-02   -0.1532883E-02   -0.5279457E-03   -0.5384874E-03    0.1500910E-02   -0.6549732E-02   -0.4924042E-02    0.7741515E-02   -0.3780600E-01    0.2380782E-01   -0.3064907E-02   -0.2412240E-01    0.2701999E-03    0.4067867E-03
    0.6356551E-04   -0.1186988E-02    0.4652478E-03    0.1411447E-01    0.2884930E-02   -0.3032330E-01    0.1510834E-01    0.6259974E-02   -0.5824469E-02   -0.1641361E+02    0.3130349E+01    0.5984987E+01    0.4246803E-01   -0.4965293E-01   -0.1302885E+00   -0.4543137E-02   -0.7262408E-01   -0.5194759E-01    0.1317965E+00   -0.5568139E+00    0.1996091E-02    0.8353686E-03    0.4841105E-02    0.1615137E-03   -0.2740579E+02    0.1847116E+01    0.7329768E+01   -0.5758698E+02    0.4037062E+02    0.9409983E+02    0.6909031E+02   -0.1133100E+02    0.1660753E+00   -0.1843718E+00    0.7299260E+01    0.1304509E+02   -0.1411319E-02   -0.1085709E-02    0.1114887E-01    0.4891510E-04   -0.3466482E-02   -0.3768347E-01   -0.1733198E-03    0.1241756E-01   -0.4766649E-01    0.1856123E-01   -0.3532730E-01   -0.1159147E+00    0.1078891E-02   -0.1858142E-02
    0.7077922E-04    0.5095584E-03    0.2748740E-03    0.1106872E-01   -0.1393938E+00   -0.2861930E-01    0.1170019E-01    0.7703013E-02   -0.6298125E-02   -0.2288021E+02    0.1372448E+02    0.9781490E+01    0.6550644E-01   -0.1100737E+00   -0.1623811E+00   -0.3592328E-02   -0.9070910E-01   -0.6691056E-01    0.1593861E+00   -0.4678628E+00    0.8066380E-02   -0.3940435E-03   -0.3851022E-01   -0.4412475E-02   -0.6433668E+02    0.9653086E+00    0.5742749E+01   -0.6025945E+02    0.2082780E+02    0.6909031E+02    0.1221883E+03   -0.9613160E+01   -0.1152236E+00   -0.4168557E+00    0.3119962E+00    0.1772955E+02   -0.1828232E-02   -0.9403015E-03    0.1050364E-01   -0.1056172E-02   -0.1365916E-02   -0.4739235E-02    0.6362308E-02    0.8939004E-02   -0.4771230E-01    0.1208586E-01   -0.9571898E-02   -0.2449619E-01    0.8833181E-03   -0.7267203E-02
   -0.2054729E-04    0.6629934E-03   -0.3909232E-04   -0.2225680E-02   -0.3896257E-02    0.2347308E-01   -0.2474045E-02   -0.1386291E-02    0.7207878E-03    0.1466611E+01    0.1031138E+01   -0.3954642E+00   -0.9173257E-03   -0.2879924E-02    0.2057200E-01    0.1457369E-02    0.9247291E-02    0.6917595E-02   -0.1316897E-01    0.9213346E-01    0.2333986E-02   -0.2180233E-02    0.1031908E-02   -0.2707255E-03    0.1846986E+00    0.7836112E-01   -0.2616148E+01    0.1009885E+02   -0.4351487E+01   -0.1133100E+02   -0.9613160E+01    0.5967302E+01   -0.1471478E+00   -0.4875162E-01   -0.2311771E+01   -0.2543815E+01    0.2293040E-03    0.1547140E-03   -0.1831923E-02   -0.3955107E-03    0.4095897E-04    0.2444229E-02   -0.3639474E-02   -0.6087978E-02    0.1234773E-01   -0.5581832E-02    0.3994814E-02    0.2180319E-01   -0.2459108E-03   -0.8227105E-04
    0.1367976E-04    0.1430482E-04   -0.2794701E-04    0.1743031E-03    0.1756799E-01    0.6518741E-02    0.1931328E-03    0.2314306E-04   -0.5170525E-04    0.7782150E+00   -0.4858470E+00   -0.3615957E+00    0.8451031E-03   -0.1432684E-02   -0.1205289E-04    0.3548182E-02    0.1544914E-02    0.1333986E-02    0.3406155E-03   -0.3885399E-01   -0.7525597E-03    0.2287048E-03    0.3235008E-02    0.7645122E-03    0.2667293E+00   -0.2006854E-02   -0.8672064E-01   -0.2133325E+01    0.5527627E+00    0.1660753E+00   -0.1152236E+00   -0.1471478E+00    0.3293278E+01    0.3182115E+00    0.6370350E+00    0.9382594E+00    0.1844202E-03    0.1561083E-03    0.6102043E-03    0.1427758E-03   -0.1097520E-02   -0.8292166E-02   -0.3522183E-02    0.2036055E-03    0.3891995E-03    0.4654986E-02    0.3414844E-02    0.2804226E-02    0.3412747E-03    0.1258526E-03
    0.1139350E-04   -0.7668015E-04    0.1541528E-04    0.7852335E-03    0.4914157E-02   -0.7359729E-03    0.1121920E-02   -0.1087300E-03    0.1023293E-03    0.3428903E+00   -0.5173381E+00   -0.1219748E+00   -0.6909327E-03   -0.2546330E-02    0.3569636E-02   -0.3757794E-02    0.1741759E-02    0.4901721E-02    0.4718624E-02   -0.4705802E-01    0.1915267E-02   -0.7846520E-03    0.2615050E-02    0.1454340E-02    0.7545475E-01    0.1819919E-01    0.5039028E-01    0.2968739E+01   -0.1091657E+01   -0.1843718E+00   -0.4168557E+00   -0.4875162E-01    0.3182115E+00    0.3267861E+01    0.2472216E+01    0.1653695E+01   -0.6379542E-04   -0.1063811E-04   -0.1328480E-02    0.7627634E-05    0.2036282E-02   -0.9527176E-02    0.2507863E-03    0.7350075E-03   -0.5272487E-02    0.1923646E-02    0.3131971E-02   -0.7224337E-02   -0.3046714E-03   -0.2011517E-03
    0.5642637E-04   -0.6850048E-03    0.9854561E-04    0.2673752E-02    0.3146568E-01   -0.3810484E-02    0.1159869E-02    0.7019727E-03   -0.1007266E-02   -0.1459224E+01   -0.2028981E+01    0.4108927E+00    0.1317773E-01    0.4146172E-02   -0.1745144E-01    0.1445817E-01   -0.7814013E-02   -0.1213819E-01    0.1344331E-01   -0.1824781E+00    0.2639505E-02   -0.4038136E-02    0.2268710E-01    0.4235873E-02   -0.1764781E+01    0.1488213E+00    0.2545131E+01   -0.1002528E+02    0.4076906E+01    0.7299260E+01    0.3119962E+00   -0.2311771E+01    0.6370350E+00    0.2472216E+01    0.1637254E+02    0.2385340E+02    0.6289272E-03    0.8960337E-04    0.4187373E-02   -0.6758561E-04   -0.4264696E-03    0.7030194E-02   -0.6597776E-02    0.3260935E-02   -0.2243996E-02    0.9201486E-02    0.8147854E-02   -0.2344191E-01    0.2632751E-03    0.2480321E-02
    0.1009335E-03   -0.7209890E-03    0.1828314E-03    0.3748351E-02    0.3809796E-02   -0.1244192E-01    0.1139987E-03    0.2459644E-02   -0.2535842E-02   -0.5270384E+01   -0.6666234E+00    0.2503899E+01    0.3627307E-01   -0.1705867E-01   -0.5682057E-01    0.3764648E-01   -0.2508331E-01   -0.3883838E-01    0.4531095E-01   -0.3220881E+00    0.6317998E-02   -0.8108566E-02    0.2627497E-01    0.6991343E-02   -0.1852633E+02    0.2822037E+00    0.2244406E+01   -0.1000760E+02    0.7315567E+01    0.1304509E+02    0.1772955E+02   -0.2543815E+01    0.9382594E+00    0.1653695E+01    0.2385340E+02    0.5028001E+02    0.4949867E-03    0.6229955E-04    0.9150118E-02   -0.1191392E-02    0.5297050E-03    0.3480414E-01   -0.1508439E-01   -0.5120289E-03    0.1446274E-02    0.7182942E-02    0.4912037E-02   -0.2304351E-01    0.5365357E-03    0.4282780E-02
    0.1545165E-07   -0.1260310E-06   -0.5117316E-07   -0.1920479E-06    0.5533210E-05    0.6020697E-05    0.1545266E-06    0.1892681E-05    0.7438950E-06    0.1247135E-02   -0.8005535E-03   -0.9660739E-04   -0.1824151E-04    0.4271506E-05    0.6749482E-05   -0.9187720E-05    0.7712348E-05    0.1283469E-04   -0.2308852E-05    0.4561415E-05   -0.3582938E-05   -0.3000314E-05    0.7115080E-05   -0.2917447E-05    0.3101591E-03   -0.2546928E-05    0.3132270E-03   -0.3943197E-02   -0.2401929E-02   -0.1411319E-02   -0.1828232E-02    0.2293040E-03    0.1844202E-03   -0.6379542E-04    0.6289272E-03    0.4949867E-03    0.3075408E-04    0.7421154E-05    0.2511167E-05    0.1845750E-05    0.1298065E-05    0.7995617E-05    0.7082698E-06   -0.6293767E-06    0.1097615E-04   -0.9530737E-06    0.1572361E-05   -0.3254992E-05    0.4350278E-07   -0.3691856E-07
    0.3929131E-07    0.5558507E-07   -0.4017095E-07   -0.7975747E-06   -0.6007642E-05    0.1254727E-04   -0.6523019E-06    0.2243040E-05    0.8969606E-06    0.1782891E-02   -0.4587015E-03   -0.1765064E-03   -0.1800686E-04    0.7995722E-06    0.1080260E-04   -0.2339156E-05    0.8038496E-05    0.1571253E-04    0.2635218E-05    0.3955531E-04   -0.3458028E-05   -0.2177181E-05    0.6523315E-05   -0.1814118E-05    0.3255779E-03   -0.1128116E-04    0.1137670E-03    0.8707305E-03   -0.1532883E-02   -0.1085709E-02   -0.9403015E-03    0.1547140E-03    0.1561083E-03   -0.1063811E-04    0.8960337E-04    0.6229955E-04    0.7421154E-05    0.2428172E-04   -0.3657022E-05    0.1230447E-04   -0.9201043E-06   -0.1174984E-04    0.1499483E-05   -0.6741173E-07    0.2223787E-05    0.4664690E-05    0.1652841E-04    0.1719251E-04    0.2029497E-07    0.9050584E-07
    0.2313154E-06   -0.1241508E-05    0.7126307E-07    0.1788666E-05   -0.1372009E-03   -0.6991126E-04   -0.7697209E-06   -0.8753642E-06   -0.4938348E-06    0.1940717E-02    0.2695320E-03   -0.4211690E-03    0.2723965E-04   -0.4435619E-04   -0.2310959E-05    0.7519324E-05    0.2844582E-04    0.1348472E-04   -0.3004967E-04    0.8844757E-04   -0.4477223E-04   -0.1361979E-04   -0.3565896E-05   -0.4817365E-05   -0.6597059E-02    0.1139801E-03    0.3694442E-02   -0.4871781E-01   -0.5279457E-03    0.1114887E-01    0.1050364E-01   -0.1831923E-02    0.6102043E-03   -0.1328480E-02    0.4187373E-02    0.9150118E-02    0.2511167E-05   -0.3657022E-05    0.1065649E-02   -0.1271834E-04   -0.1871653E-05   -0.5411403E-04   -0.1997000E-04   -0.7888227E-05    0.7913167E-04    0.4596007E-04    0.1057318E-04    0.1850560E-03   -0.2870856E-06    0.2816170E-06
    0.5975703E-07   -0.2136165E-07   -0.5822018E-07   -0.1326156E-05   -0.1655542E-06    0.1439416E-04   -0.1080681E-05    0.2417728E-05    0.1223537E-05    0.3898275E-02   -0.2043773E-02   -0.9672701E-03   -0.9046237E-05    0.7006451E-05    0.1405503E-04   -0.2517014E-05    0.1039855E-04    0.2271249E-04   -0.2466626E-05    0.6664226E-04   -0.2985512E-05   -0.2892138E-05    0.1205068E-04   -0.1440356E-05    0.1652886E-02    0.2076489E-04    0.9457760E-04    0.1811880E-03   -0.5384874E-03    0.4891510E-04   -0.1056172E-02   -0.3955107E-03    0.1427758E-03    0.7627634E-05   -0.6758561E-04   -0.1191392E-02    0.1845750E-05    0.1230447E-04   -0.1271834E-04    0.4696587E-04   -0.5198959E-05   -0.2652547E-04    0.2647930E-05   -0.3261225E-05   -0.1850310E-04   -0.8241163E-05    0.1791118E-04    0.3985288E-04    0.1618244E-07    0.2391427E-06
   -0.6919251E-07   -0.1659881E-05    0.2191454E-06    0.1679850E-04    0.1733839E-03   -0.4829435E-04    0.2054429E-04   -0.1147056E-04   -0.5422852E-05   -0.3216622E-01    0.1093770E-01    0.1071873E-01   -0.3034696E-04    0.7222936E-04   -0.1235298E-03   -0.1971468E-04   -0.1359288E-03   -0.7232344E-04    0.2199008E-04   -0.5145929E-03    0.8299798E-04    0.4507567E-04   -0.2645597E-04    0.6793312E-05    0.1427403E-02   -0.5301654E-03    0.3549676E-03    0.7063650E-01    0.1500910E-02   -0.3466482E-02   -0.1365916E-02    0.4095897E-04   -0.1097520E-02    0.2036282E-02   -0.4264696E-03    0.5297050E-03    0.1298065E-05   -0.9201043E-06   -0.1871653E-05   -0.5198959E-05    0.2336244E-02    0.1496083E-03    0.7110445E-04    0.1383176E-04   -0.1856145E-03    0.1188411E-04   -0.2857770E-03   -0.5901500E-03    0.1055361E-05    0.1946142E-06
   -0.1205812E-05   -0.9658481E-05   -0.2052276E-06    0.2734566E-04   -0.6103861E-03   -0.5463042E-03   -0.1542862E-04    0.5536066E-05   -0.1669347E-04   -0.3526912E-01   -0.3103101E-02    0.1005282E-01   -0.3375550E-03    0.1540767E-03   -0.4022529E-03    0.2093206E-03   -0.1597891E-03   -0.5150640E-03    0.1207368E-03   -0.1341357E-02    0.6872481E-05   -0.6659783E-04   -0.7687653E-04   -0.5734958E-04   -0.1633613E-01   -0.6600342E-03   -0.5988351E-02    0.9043088E-01   -0.6549732E-02   -0.3768347E-01   -0.4739235E-02    0.2444229E-02   -0.8292166E-02   -0.9527176E-02    0.7030194E-02    0.3480414E-01    0.7995617E-05   -0.1174984E-04   -0.5411403E-04   -0.2652547E-04    0.1496083E-03    0.1635777E-01    0.6181429E-04    0.1250777E-05    0.1517443E-04    0.9139303E-04   -0.4180281E-03   -0.1409895E-02   -0.4058801E-06    0.5819649E-05
   -0.1862785E-06    0.1200440E-05   -0.1452934E-06    0.4358178E-05   -0.3528541E-04   -0.1009800E-04    0.3439888E-05   -0.1184540E-05   -0.3054017E-05   -0.1861504E-01    0.1564197E-01    0.2798326E-02   -0.1374638E-05    0.1242235E-03   -0.5494294E-04    0.8127362E-05   -0.8868767E-04   -0.1120139E-03   -0.9930809E-04    0.5434739E-04    0.9661595E-05    0.3334087E-05   -0.3397849E-04   -0.2293305E-05    0.1122382E-02   -0.4777463E-03    0.3399578E-02   -0.6627333E-01   -0.4924042E-02   -0.1733198E-03    0.6362308E-02   -0.3639474E-02   -0.3522183E-02    0.2507863E-03   -0.6597776E-02   -0.1508439E-01    0.7082698E-06    0.1499483E-05   -0.1997000E-04    0.2647930E-05    0.7110445E-04    0.6181429E-04    0.1461696E-02    0.2800954E-03    0.8367364E-04   -0.3759028E-03   -0.1738367E-03    0.3862112E-04   -0.2022913E-05   -0.3044842E-05
   -0.5146077E-07    0.2887313E-05    0.2579710E-06    0.6064973E-05   -0.4133517E-04    0.8857263E-04    0.1500211E-04    0.5262647E-05   -0.4384910E-07   -0.1184847E-01    0.1405259E-01    0.4732902E-02   -0.8455153E-05   -0.3513697E-04   -0.6363909E-07   -0.1435853E-04   -0.4133041E-04    0.2320922E-04    0.1022243E-04    0.3886924E-03   -0.5044634E-04   -0.3677759E-04   -0.1700252E-05   -0.1023037E-05    0.2303706E-02   -0.3305514E-03    0.4177060E-02   -0.3080305E-01    0.7741515E-02    0.1241756E-01    0.8939004E-02   -0.6087978E-02    0.2036055E-03    0.7350075E-03    0.3260935E-02   -0.5120289E-03   -0.6293767E-06   -0.6741173E-07   -0.7888227E-05   -0.3261225E-05    0.1383176E-04    0.1250777E-05    0.2800954E-03    0.8451053E-03    0.6008203E-04    0.7545060E-03    0.1741398E-03   -0.4016441E-03   -0.9459328E-06   -0.1175221E-05
   -0.6541385E-08   -0.1831351E-05    0.3427916E-06   -0.2748903E-04   -0.1055381E-04   -0.1815514E-03   -0.5642209E-04   -0.1999377E-04    0.1219118E-05    0.3354201E-01   -0.1490430E-01   -0.1735569E-01    0.1072989E-03    0.2362436E-03    0.9324384E-04    0.1047759E-03    0.1144554E-03    0.4016640E-05   -0.2161332E-03    0.4371504E-03    0.1145480E-03   -0.1075703E-04    0.9427737E-04    0.1789382E-04    0.1478174E-01   -0.9584610E-03   -0.7075781E-03   -0.4530905E-01   -0.3780600E-01   -0.4766649E-01   -0.4771230E-01    0.1234773E-01    0.3891995E-03   -0.5272487E-02   -0.2243996E-02    0.1446274E-02    0.1097615E-04    0.2223787E-05    0.7913167E-04   -0.1850310E-04   -0.1856145E-03    0.1517443E-04    0.8367364E-04    0.6008203E-04    0.7365606E-02   -0.2267861E-03    0.2192634E-02    0.6818451E-02    0.8407233E-06    0.4401296E-05
   -0.3086941E-06    0.5562125E-05    0.5454303E-07    0.6810761E-06    0.6670261E-04    0.2020864E-03    0.2120423E-04    0.3176499E-05    0.4869269E-05   -0.1259074E-01    0.2050246E-01    0.1198631E-01   -0.7720071E-04   -0.1341266E-03    0.5403670E-04   -0.4567873E-04   -0.4592386E-04    0.1015263E-03    0.4470385E-04    0.9738511E-03   -0.4063363E-04   -0.1180597E-05   -0.4917299E-04   -0.2250516E-05    0.3769044E-02   -0.2016540E-03    0.1850094E-02   -0.3545780E-03    0.2380782E-01    0.1856123E-01    0.1208586E-01   -0.5581832E-02    0.4654986E-02    0.1923646E-02    0.9201486E-02    0.7182942E-02   -0.9530737E-06    0.4664690E-05    0.4596007E-04   -0.8241163E-05    0.1188411E-04    0.9139303E-04   -0.3759028E-03    0.7545060E-03   -0.2267861E-03    0.2904724E-02    0.1396134E-02    0.1854645E-03    0.5637916E-06   -0.2705876E-06
