# omegabh2 omegach2 theta tau meffsterile nnu logA ns ampia a1phot a2phot a3phot a4phot a5phot a6phot a7phot meadnuis2 calPlanck alpha_SZ ystar_SZ bias_SZ scatter_SZ
    0.3061414E-05    0.1575647E-06    0.1367027E-05    0.2143625E-05   -0.8103266E-04   -0.2636454E-03   -0.1484560E-04   -0.3258601E-05    0.3753409E-04   -0.3032355E-05   -0.4235249E-06    0.5058891E-07   -0.1173224E-05    0.2898725E-06    0.2514033E-05    0.6891107E-05   -0.1452704E-05   -0.2520478E-07   -0.1015040E-04    0.3081199E-06   -0.8495157E-08    0.1236762E-06
    0.1575647E-06    0.3184972E-03   -0.1420547E-04   -0.4515966E-04    0.4618158E-02    0.2172012E-01    0.7813193E-03   -0.2264851E-04   -0.2539098E-04    0.4466165E-05   -0.1649568E-04    0.1832653E-05    0.1015543E-04    0.3611119E-04    0.1584119E-04    0.6119538E-04    0.4100682E-04    0.3592755E-06    0.7338429E-05   -0.1751429E-04   -0.3328738E-03   -0.2406648E-05
    0.1367027E-05   -0.1420547E-04    0.1503242E-04    0.1334527E-05    0.2901190E-03   -0.1246441E-02    0.6206915E-04   -0.8511939E-05    0.1547994E-03   -0.9128052E-06    0.1011553E-05    0.2990696E-06   -0.3227819E-05   -0.6618221E-06   -0.5552226E-05    0.3476838E-04    0.2836948E-04   -0.4922664E-06   -0.1628504E-04    0.1045671E-05    0.2600011E-04    0.8554549E-07
    0.2143625E-05   -0.4515966E-04    0.1334527E-05    0.5529061E-03    0.9444860E-03   -0.1939874E-02    0.6619478E-03    0.1655996E-04    0.1292072E-03    0.2523066E-05    0.2657179E-05   -0.1786379E-04    0.6411327E-05   -0.1812697E-04   -0.1726300E-04   -0.4553533E-04   -0.1050794E-03   -0.2665617E-05   -0.1461042E-03   -0.1658529E-05   -0.2310285E-03   -0.2133531E-05
   -0.8103266E-04    0.4618158E-02    0.2901190E-03    0.9444860E-03    0.1164355E+00    0.3367428E+00    0.2018302E-01   -0.2392334E-03   -0.3075781E-01    0.4521814E-04   -0.2741961E-03   -0.1132474E-03    0.1011824E-04    0.1191834E-02    0.6502024E-03    0.2038980E-02    0.2094912E-02    0.3266625E-04   -0.2113351E-04   -0.1936561E-05    0.1968611E-02   -0.5984863E-04
   -0.2636454E-03    0.2172012E-01   -0.1246441E-02   -0.1939874E-02    0.3367428E+00    0.1531603E+01    0.5750853E-01   -0.8436539E-03   -0.5544870E-01    0.4967536E-03   -0.1146015E-02   -0.2223552E-04    0.8676494E-03    0.3169539E-02    0.1870824E-02    0.3659279E-02    0.2909531E-02    0.6977279E-04    0.5534997E-03   -0.9565538E-03   -0.1611416E-01   -0.1864368E-03
   -0.1484560E-04    0.7813193E-03    0.6206915E-04    0.6619478E-03    0.2018302E-01    0.5750853E-01    0.4289506E-02   -0.6783320E-04   -0.4185078E-02    0.3055865E-04   -0.3965368E-04   -0.2943753E-04    0.1820498E-04    0.1412814E-03    0.4098533E-04    0.4436295E-03    0.2742553E-03    0.7516360E-05   -0.2669047E-03   -0.2493958E-04   -0.4292579E-03   -0.9929855E-05
   -0.3258601E-05   -0.2264851E-04   -0.8511939E-05    0.1655996E-04   -0.2392334E-03   -0.8436539E-03   -0.6783320E-04    0.1728102E-03   -0.2635321E-03   -0.1370123E-04   -0.5946194E-05   -0.5050934E-05    0.1335870E-04   -0.1981194E-05   -0.3882692E-04   -0.9984527E-04    0.1828960E-04    0.6343920E-06    0.8314294E-04    0.2109621E-06    0.1931008E-04    0.2310240E-05
    0.3753409E-04   -0.2539098E-04    0.1547994E-03    0.1292072E-03   -0.3075781E-01   -0.5544870E-01   -0.4185078E-02   -0.2635321E-03    0.6947264E+00    0.1790403E-02    0.7123618E-04    0.4398706E-03    0.5954211E-04   -0.1717261E-02   -0.2478441E-02   -0.2800181E-03    0.1184269E-01   -0.1397959E-04    0.1075098E-02   -0.8822752E-03   -0.1836013E-01    0.1778457E-03
   -0.3032355E-05    0.4466165E-05   -0.9128052E-06    0.2523066E-05    0.4521814E-04    0.4967536E-03    0.3055865E-04   -0.1370123E-04    0.1790403E-02    0.1642959E-03   -0.1118069E-05    0.5384121E-07    0.1953639E-05   -0.1834095E-04   -0.2866753E-04    0.2891002E-04    0.4764631E-04   -0.7049547E-06    0.7375360E-05   -0.5566004E-05   -0.3745108E-04   -0.3753257E-05
   -0.4235249E-06   -0.1649568E-04    0.1011553E-05    0.2657179E-05   -0.2741961E-03   -0.1146015E-02   -0.3965368E-04   -0.5946194E-05    0.7123618E-04   -0.1118069E-05    0.9826401E-04   -0.4649701E-05   -0.7548273E-05    0.1057711E-05   -0.2602284E-04    0.1086118E-04   -0.1694033E-04   -0.7328680E-09   -0.9821308E-05    0.2358010E-05    0.1046260E-04   -0.1444441E-05
    0.5058891E-07    0.1832653E-05    0.2990696E-06   -0.1786379E-04   -0.1132474E-03   -0.2223552E-04   -0.2943753E-04   -0.5050934E-05    0.4398706E-03    0.5384121E-07   -0.4649701E-05    0.5839921E-04    0.1205209E-05   -0.2635808E-04    0.4748670E-05    0.3263926E-04   -0.1310701E-04   -0.1360867E-06    0.8526828E-05    0.8050836E-06   -0.3748131E-04   -0.1087672E-05
   -0.1173224E-05    0.1015543E-04   -0.3227819E-05    0.6411327E-05    0.1011824E-04    0.8676494E-03    0.1820498E-04    0.1335870E-04    0.5954211E-04    0.1953639E-05   -0.7548273E-05    0.1205209E-05    0.2770541E-03   -0.2154792E-04    0.5057657E-04   -0.7123241E-04   -0.6465023E-04    0.1267141E-06    0.2985461E-05    0.5426928E-07   -0.5381812E-04    0.2538455E-05
    0.2898725E-06    0.3611119E-04   -0.6618221E-06   -0.1812697E-04    0.1191834E-02    0.3169539E-02    0.1412814E-03   -0.1981194E-05   -0.1717261E-02   -0.1834095E-04    0.1057711E-05   -0.2635808E-04   -0.2154792E-04    0.9550585E-03    0.2536359E-03    0.3972168E-04   -0.8658624E-04   -0.2264119E-06   -0.9042481E-05    0.1485138E-05    0.3124200E-03   -0.4217525E-05
    0.2514033E-05    0.1584119E-04   -0.5552226E-05   -0.1726300E-04    0.6502024E-03    0.1870824E-02    0.4098533E-04   -0.3882692E-04   -0.2478441E-02   -0.2866753E-04   -0.2602284E-04    0.4748670E-05    0.5057657E-04    0.2536359E-03    0.2573205E-02    0.1237874E-03   -0.2981043E-03    0.3189798E-05   -0.5472730E-04    0.2484201E-04    0.3952541E-03   -0.6863578E-05
    0.6891107E-05    0.6119538E-04    0.3476838E-04   -0.4553533E-04    0.2038980E-02    0.3659279E-02    0.4436295E-03   -0.9984527E-04   -0.2800181E-03    0.2891002E-04    0.1086118E-04    0.3263926E-04   -0.7123241E-04    0.3972168E-04    0.1237874E-03    0.3223302E-02    0.4812579E-04   -0.2826546E-05   -0.9627426E-04   -0.2038575E-04    0.1917392E-03   -0.4998981E-05
   -0.1452704E-05    0.4100682E-04    0.2836948E-04   -0.1050794E-03    0.2094912E-02    0.2909531E-02    0.2742553E-03    0.1828960E-04    0.1184269E-01    0.4764631E-04   -0.1694033E-04   -0.1310701E-04   -0.6465023E-04   -0.8658624E-04   -0.2981043E-03    0.4812579E-04    0.5561750E-02    0.1223903E-04    0.1683883E-04    0.2672311E-04    0.2188338E-03   -0.8938555E-05
   -0.2520478E-07    0.3592755E-06   -0.4922664E-06   -0.2665617E-05    0.3266625E-04    0.6977279E-04    0.7516360E-05    0.6343920E-06   -0.1397959E-04   -0.7049547E-06   -0.7328680E-09   -0.1360867E-06    0.1267141E-06   -0.2264119E-06    0.3189798E-05   -0.2826546E-05    0.1223903E-04    0.6062989E-05   -0.5863969E-06    0.5351097E-06    0.8895378E-05    0.6679405E-06
   -0.1015040E-04    0.7338429E-05   -0.1628504E-04   -0.1461042E-03   -0.2113351E-04    0.5534997E-03   -0.2669047E-03    0.8314294E-04    0.1075098E-02    0.7375360E-05   -0.9821308E-05    0.8526828E-05    0.2985461E-05   -0.9042481E-05   -0.5472730E-04   -0.9627426E-04    0.1683883E-04   -0.5863969E-06    0.2371080E-02    0.7036740E-04    0.2775163E-03   -0.2821197E-05
    0.3081199E-06   -0.1751429E-04    0.1045671E-05   -0.1658529E-05   -0.1936561E-05   -0.9565538E-03   -0.2493958E-04    0.2109621E-06   -0.8822752E-03   -0.5566004E-05    0.2358010E-05    0.8050836E-06    0.5426928E-07    0.1485138E-05    0.2484201E-04   -0.2038575E-04    0.2672311E-04    0.5351097E-06    0.7036740E-04    0.4185523E-03   -0.3631898E-03    0.2766580E-06
   -0.8495157E-08   -0.3328738E-03    0.2600011E-04   -0.2310285E-03    0.1968611E-02   -0.1611416E-01   -0.4292579E-03    0.1931008E-04   -0.1836013E-01   -0.3745108E-04    0.1046260E-04   -0.3748131E-04   -0.5381812E-04    0.3124200E-03    0.3952541E-03    0.1917392E-03    0.2188338E-03    0.8895378E-05    0.2775163E-03   -0.3631898E-03    0.4534961E-02   -0.1435405E-04
    0.1236762E-06   -0.2406648E-05    0.8554549E-07   -0.2133531E-05   -0.5984863E-04   -0.1864368E-03   -0.9929855E-05    0.2310240E-05    0.1778457E-03   -0.3753257E-05   -0.1444441E-05   -0.1087672E-05    0.2538455E-05   -0.4217525E-05   -0.6863578E-05   -0.4998981E-05   -0.8938555E-05    0.6679405E-06   -0.2821197E-05    0.2766580E-06   -0.1435405E-04    0.1008864E-03
