# omegabh2 omegach2 theta meffsterile nnu logA ns ampia redzia lumia a1phot a2phot a3phot a4phot a5phot a6phot a7phot meadnuis2 calPlanck alpha_SZ ystar_SZ bias_SZ scatter_SZ
    0.3313794E-05    0.4555265E-05    0.2315472E-05    0.5079382E-04    0.6199126E-04    0.2810195E-05   -0.4129001E-06    0.3956041E-03   -0.6908826E-03   -0.3405248E-02   -0.3936798E-05    0.1576807E-05    0.5567338E-05   -0.3626035E-05    0.5703901E-05   -0.9698781E-05    0.6981007E-05   -0.2968832E-06    0.3500718E-06   -0.1226018E-04    0.9805837E-06    0.9970051E-05   -0.3979721E-06
    0.4555265E-05    0.1268042E-03   -0.4484035E-06    0.1833119E-02    0.8347593E-02    0.4853748E-03   -0.9319518E-05   -0.5591183E-01    0.1100777E-01    0.3305888E-01   -0.4345814E-04   -0.6455115E-05   -0.1036743E-04   -0.8154386E-05   -0.9021524E-07   -0.1667217E-04   -0.4955904E-04    0.2025204E-03    0.1208719E-05    0.5231541E-04   -0.3115634E-06    0.2426954E-04    0.1191635E-05
    0.2315472E-05   -0.4484035E-06    0.1443999E-04    0.5653178E-03   -0.2400782E-03    0.9196041E-04   -0.6179601E-05    0.1107787E-01   -0.5118580E-02    0.1668998E-02    0.1307205E-05   -0.1104957E-04    0.1692228E-04    0.1904435E-04   -0.3774904E-05   -0.5603295E-05    0.3290565E-04    0.5582387E-04    0.1155436E-05   -0.3761178E-04    0.3801560E-05    0.3980386E-04   -0.9242403E-06
    0.5079382E-04    0.1833119E-02    0.5653178E-03    0.8679376E-01    0.1424680E+00    0.1373413E-01    0.2370036E-03   -0.1355870E+01   -0.4569405E+00    0.7133540E+00   -0.9938762E-03    0.4515552E-03    0.3771255E-03    0.2073291E-02    0.2882293E-03    0.1760000E-02    0.9657649E-04    0.1081996E-01    0.4045659E-04   -0.1010726E-02    0.6258928E-03    0.8273401E-02    0.3012675E-04
    0.6199126E-04    0.8347593E-02   -0.2400782E-03    0.1424680E+00    0.5919753E+00    0.3510030E-01   -0.1142530E-03   -0.4326746E+01    0.5224278E+00    0.2650656E+01   -0.2693682E-02    0.5358937E-03   -0.1027696E-02    0.4429915E-03    0.1668679E-03    0.1294292E-02   -0.4527522E-02    0.1944389E-01    0.4027078E-04    0.3228789E-02    0.4347911E-03    0.7345035E-02    0.1537863E-03
    0.2810195E-05    0.4853748E-03    0.9196041E-04    0.1373413E-01    0.3510030E-01    0.3156858E-02   -0.4425866E-04   -0.1517412E+00    0.1704143E-01    0.2071266E+00   -0.1012945E-03   -0.3872568E-04    0.7532413E-04    0.2227440E-03   -0.4973625E-04    0.7589275E-04   -0.4227887E-04    0.1838038E-02    0.1607310E-04   -0.5200910E-04    0.7096942E-04    0.9629673E-03    0.6873189E-05
   -0.4129001E-06   -0.9319518E-05   -0.6179601E-05    0.2370036E-03   -0.1142530E-03   -0.4425866E-04    0.1824128E-03   -0.3471247E-02   -0.1226273E-01    0.1001335E-01    0.6867484E-04   -0.7032399E-04    0.1451263E-04   -0.1194697E-04    0.5580742E-04    0.7434425E-04   -0.1019406E-03   -0.3670664E-03   -0.1510640E-05    0.8842651E-04    0.1332173E-05    0.3333768E-04   -0.1414566E-06
    0.3956041E-03   -0.5591183E-01    0.1107787E-01   -0.1355870E+01   -0.4326746E+01   -0.1517412E+00   -0.3471247E-02    0.7641889E+03    0.8948485E+02   -0.6376583E+02    0.1692733E+00   -0.6076138E-01   -0.1637838E+00    0.1171614E-01   -0.4390995E-01   -0.9596750E-01    0.1354151E+00   -0.1753733E+00    0.7021666E-02   -0.2591458E-01    0.1505014E-01   -0.1015451E+00   -0.1278687E-02
   -0.6908826E-03    0.1100777E-01   -0.5118580E-02   -0.4569405E+00    0.5224278E+00    0.1704143E-01   -0.1226273E-01    0.8948485E+02    0.3549612E+03    0.3343375E+02   -0.1668047E-01    0.1666218E-01    0.3548780E-01   -0.6603366E-01    0.7107913E-01    0.2346633E-01   -0.7167192E-01    0.6223954E+00    0.4168765E-02    0.4217834E-01    0.3122305E-02   -0.7092213E-01    0.3365176E-02
   -0.3405248E-02    0.3305888E-01    0.1668998E-02    0.7133540E+00    0.2650656E+01    0.2071266E+00    0.1001335E-01   -0.6376583E+02    0.3343375E+02    0.1962076E+03    0.7894990E-02   -0.9844904E-02   -0.9952850E-03   -0.5543470E-01   -0.1261185E+00    0.8787311E-01   -0.2920337E-02    0.7925859E+00    0.3770409E-03   -0.1189678E-01    0.1933727E-02    0.4343037E-01   -0.3769835E-02
   -0.3936798E-05   -0.4345814E-04    0.1307205E-05   -0.9938762E-03   -0.2693682E-02   -0.1012945E-03    0.6867484E-04    0.1692733E+00   -0.1668047E-01    0.7894990E-02    0.3264675E-02    0.1856931E-03    0.2022067E-03    0.1983428E-03   -0.6268132E-04    0.1310646E-03    0.2291191E-03   -0.1304811E-02    0.5738606E-06    0.8962497E-04    0.5277574E-05    0.5688631E-04    0.1727919E-04
    0.1576807E-05   -0.6455115E-05   -0.1104957E-04    0.4515552E-03    0.5358937E-03   -0.3872568E-04   -0.7032399E-04   -0.6076138E-01    0.1666218E-01   -0.9844904E-02    0.1856931E-03    0.2541551E-02   -0.2229660E-03    0.1290252E-03   -0.1927820E-03    0.3547334E-03    0.8287513E-04    0.2550210E-02    0.1481136E-05   -0.6978226E-04    0.4500675E-04    0.3669023E-03   -0.5713577E-05
    0.5567338E-05   -0.1036743E-04    0.1692228E-04    0.3771255E-03   -0.1027696E-02    0.7532413E-04    0.1451263E-04   -0.1637838E+00    0.3548780E-01   -0.9952850E-03    0.2022067E-03   -0.2229660E-03    0.2018003E-02   -0.1472187E-04   -0.6824765E-05    0.2331650E-03    0.1139617E-03    0.5050991E-05   -0.3225518E-05   -0.4185084E-04    0.1367039E-04    0.2854690E-04    0.6573773E-06
   -0.3626035E-05   -0.8154386E-05    0.1904435E-04    0.2073291E-02    0.4429915E-03    0.2227440E-03   -0.1194697E-04    0.1171614E-01   -0.6603366E-01   -0.5543470E-01    0.1983428E-03    0.1290252E-03   -0.1472187E-04    0.2064099E-02    0.4203941E-04   -0.7429775E-05    0.1087530E-03    0.5484674E-03    0.1818897E-05    0.3431308E-04    0.3502910E-04    0.2868349E-03   -0.1938790E-05
    0.5703901E-05   -0.9021524E-07   -0.3774904E-05    0.2882293E-03    0.1668679E-03   -0.4973625E-04    0.5580742E-04   -0.4390995E-01    0.7107913E-01   -0.1261185E+00   -0.6268132E-04   -0.1927820E-03   -0.6824765E-05    0.4203941E-04    0.2866983E-02    0.1341298E-03   -0.7173597E-04    0.1195345E-02   -0.8651364E-05    0.2447624E-04    0.9795449E-05    0.1291459E-03    0.9533315E-05
   -0.9698781E-05   -0.1667217E-04   -0.5603295E-05    0.1760000E-02    0.1294292E-02    0.7589275E-04    0.7434425E-04   -0.9596750E-01    0.2346633E-01    0.8787311E-01    0.1310646E-03    0.3547334E-03    0.2331650E-03   -0.7429775E-05    0.1341298E-03    0.3179242E-02   -0.2703178E-03   -0.3540799E-03    0.5799604E-05   -0.1023291E-04    0.1840303E-04    0.3972784E-03   -0.4187214E-05
    0.6981007E-05   -0.4955904E-04    0.3290565E-04    0.9657649E-04   -0.4527522E-02   -0.4227887E-04   -0.1019406E-03    0.1354151E+00   -0.7167192E-01   -0.2920337E-02    0.2291191E-03    0.8287513E-04    0.1139617E-03    0.1087530E-03   -0.7173597E-04   -0.2703178E-03    0.3109731E-02   -0.7984511E-03   -0.6651076E-05   -0.1578811E-03   -0.6107318E-05   -0.3035185E-05   -0.1529481E-04
   -0.2968832E-06    0.2025204E-03    0.5582387E-04    0.1081996E-01    0.1944389E-01    0.1838038E-02   -0.3670664E-03   -0.1753733E+00    0.6223954E+00    0.7925859E+00   -0.1304811E-02    0.2550210E-02    0.5050991E-05    0.5484674E-03    0.1195345E-02   -0.3540799E-03   -0.7984511E-03    0.1761172E+00    0.5610796E-04   -0.1405502E-02    0.1236345E-03    0.1724242E-02   -0.7844634E-04
    0.3500718E-06    0.1208719E-05    0.1155436E-05    0.4045659E-04    0.4027078E-04    0.1607310E-04   -0.1510640E-05    0.7021666E-02    0.4168765E-02    0.3770409E-03    0.5738606E-06    0.1481136E-05   -0.3225518E-05    0.1818897E-05   -0.8651364E-05    0.5799604E-05   -0.6651076E-05    0.5610796E-04    0.5466508E-05    0.1793643E-05    0.1613015E-07   -0.1875321E-05    0.1499505E-07
   -0.1226018E-04    0.5231541E-04   -0.3761178E-04   -0.1010726E-02    0.3228789E-02   -0.5200910E-04    0.8842651E-04   -0.2591458E-01    0.4217834E-01   -0.1189678E-01    0.8962497E-04   -0.6978226E-04   -0.4185084E-04    0.3431308E-04    0.2447624E-04   -0.1023291E-04   -0.1578811E-03   -0.1405502E-02    0.1793643E-05    0.2432374E-02    0.4402292E-04   -0.8532794E-04   -0.2557706E-05
    0.9805837E-06   -0.3115634E-06    0.3801560E-05    0.6258928E-03    0.4347911E-03    0.7096942E-04    0.1332173E-05    0.1505014E-01    0.3122305E-02    0.1933727E-02    0.5277574E-05    0.4500675E-04    0.1367039E-04    0.3502910E-04    0.9795449E-05    0.1840303E-04   -0.6107318E-05    0.1236345E-03    0.1613015E-07    0.4402292E-04    0.4109082E-03   -0.2140191E-03   -0.2441388E-06
    0.9970051E-05    0.2426954E-04    0.3980386E-04    0.8273401E-02    0.7345035E-02    0.9629673E-03    0.3333768E-04   -0.1015451E+00   -0.7092213E-01    0.4343037E-01    0.5688631E-04    0.3669023E-03    0.2854690E-04    0.2868349E-03    0.1291459E-03    0.3972784E-03   -0.3035185E-05    0.1724242E-02   -0.1875321E-05   -0.8532794E-04   -0.2140191E-03    0.2902593E-02    0.2514254E-05
   -0.3979721E-06    0.1191635E-05   -0.9242403E-06    0.3012675E-04    0.1537863E-03    0.6873189E-05   -0.1414566E-06   -0.1278687E-02    0.3365176E-02   -0.3769835E-02    0.1727919E-04   -0.5713577E-05    0.6573773E-06   -0.1938790E-05    0.9533315E-05   -0.4187214E-05   -0.1529481E-04   -0.7844634E-04    0.1499505E-07   -0.2557706E-05   -0.2441388E-06    0.2514254E-05    0.1005678E-03
