# omegabh2 omegach2 theta logA ns ampia a1phot a2phot a3phot a4phot a5phot a6phot a7phot meadnuis2
    0.2860270E-04    0.1743618E-04   -0.1164090E-04   -0.5592192E-04    0.1370509E-03    0.1256348E-03   -0.7765133E-06    0.1906251E-06   -0.3685215E-07   -0.5402674E-05    0.8207025E-06    0.7714059E-05    0.7219872E-05   -0.2069130E-04
    0.1743618E-04    0.3570841E-03    0.6920056E-03   -0.4073230E-02   -0.7270999E-03    0.2094858E-02    0.2191245E-05    0.4998228E-05   -0.1361883E-05    0.4650787E-05   -0.7821081E-05   -0.6245885E-04   -0.3859000E-04   -0.1138188E-03
   -0.1164090E-04    0.6920056E-03    0.2242957E-02   -0.1804998E-02   -0.2005787E-02   -0.1130006E-01   -0.9884989E-05    0.1199433E-04   -0.3816982E-05    0.1736166E-04    0.3100495E-04   -0.1320463E-03   -0.7736794E-04   -0.2023136E-03
   -0.5592192E-04   -0.4073230E-02   -0.1804998E-02    0.1206760E+00   -0.2928936E-02   -0.8180979E-01   -0.1233684E-03   -0.4140269E-04   -0.2829070E-05   -0.1083357E-03   -0.1809753E-03   -0.1047453E-03    0.2743384E-03    0.2028234E-02
    0.1370509E-03   -0.7270999E-03   -0.2005787E-02   -0.2928936E-02    0.1441055E-01   -0.6141701E-02    0.1404377E-04    0.9639169E-05    0.1128193E-04   -0.2192125E-04    0.1703803E-03    0.7179016E-04   -0.1976727E-03   -0.2277202E-02
    0.1256348E-03    0.2094858E-02   -0.1130006E-01   -0.8180979E-01   -0.6141701E-02    0.1345279E+01    0.1245958E-02    0.1446616E-03   -0.1514891E-03    0.6544715E-03   -0.3554026E-02   -0.5564003E-02   -0.4178785E-02    0.1269696E-01
   -0.7765133E-06    0.2191245E-05   -0.9884989E-05   -0.1233684E-03    0.1404377E-04    0.1245958E-02    0.1735528E-03    0.1790088E-05   -0.1995249E-05    0.6899367E-06    0.8085639E-05   -0.3375467E-05    0.4203729E-05    0.5501455E-06
    0.1906251E-06    0.4998228E-05    0.1199433E-04   -0.4140269E-04    0.9639169E-05    0.1446616E-03    0.1790088E-05    0.9799497E-04    0.6739545E-06    0.2865657E-05    0.1560673E-05   -0.3094802E-05   -0.9288260E-05    0.3125429E-05
   -0.3685215E-07   -0.1361883E-05   -0.3816982E-05   -0.2829070E-05    0.1128193E-04   -0.1514891E-03   -0.1995249E-05    0.6739545E-06    0.6382902E-04   -0.4432339E-06    0.3076576E-05    0.2822922E-05    0.1203407E-04   -0.8780758E-05
   -0.5402674E-05    0.4650787E-05    0.1736166E-04   -0.1083357E-03   -0.2192125E-04    0.6544715E-03    0.6899367E-06    0.2865657E-05   -0.4432339E-06    0.2877048E-03    0.8724530E-05   -0.8237844E-05   -0.1953876E-05   -0.2104601E-05
    0.8207025E-06   -0.7821081E-05    0.3100495E-04   -0.1809753E-03    0.1703803E-03   -0.3554026E-02    0.8085639E-05    0.1560673E-05    0.3076576E-05    0.8724530E-05    0.9057343E-03    0.1455200E-03   -0.1902996E-05   -0.1087273E-04
    0.7714059E-05   -0.6245885E-04   -0.1320463E-03   -0.1047453E-03    0.7179016E-04   -0.5564003E-02   -0.3375467E-05   -0.3094802E-05    0.2822922E-05   -0.8237844E-05    0.1455200E-03    0.3027789E-02    0.2124309E-03   -0.3951278E-04
    0.7219872E-05   -0.3859000E-04   -0.7736794E-04    0.2743384E-03   -0.1976727E-03   -0.4178785E-02    0.4203729E-05   -0.9288260E-05    0.1203407E-04   -0.1953876E-05   -0.1902996E-05    0.2124309E-03    0.3131493E-02    0.3346202E-04
   -0.2069130E-04   -0.1138188E-03   -0.2023136E-03    0.2028234E-02   -0.2277202E-02    0.1269696E-01    0.5501455E-06    0.3125429E-05   -0.8780758E-05   -0.2104601E-05   -0.1087273E-04   -0.3951278E-04    0.3346202E-04    0.7260136E-02
