# omegabh2 omegach2 theta logA ns ampia a1phot a2phot a3phot a4phot a5phot a6phot a7phot meadnuis2 alpha_SZ ystar_SZ bias_SZ scatter_SZ
    0.3703168E-05    0.7164088E-05    0.8375319E-05   -0.3461722E-04   -0.3310259E-06   -0.2241684E-04    0.4160364E-06    0.5270165E-07   -0.8428155E-07    0.6902346E-06    0.1589596E-05   -0.1669452E-05    0.2946009E-05   -0.3232891E-05    0.2145349E-05   -0.6583176E-06   -0.8537413E-06   -0.2229901E-08
    0.7164088E-05    0.2645737E-03    0.3777746E-03   -0.3820239E-02   -0.1436319E-04    0.5959270E-02    0.6457797E-05    0.9173842E-05    0.9448128E-07    0.9349012E-05   -0.4218177E-04   -0.7460379E-04   -0.6706852E-04   -0.1986870E-03    0.1234404E-02   -0.7224847E-05    0.4159155E-04   -0.2555888E-06
    0.8375319E-05    0.3777746E-03    0.5510603E-03   -0.5550671E-02   -0.2284271E-04    0.8409127E-02    0.7680934E-05    0.1154136E-04   -0.1212990E-05    0.1352884E-04   -0.6017642E-04   -0.9304894E-04   -0.9344013E-04   -0.2772107E-03    0.1764991E-02   -0.7961265E-05    0.8411569E-04   -0.7291206E-07
   -0.3461722E-04   -0.3820239E-02   -0.5550671E-02    0.6063190E-01    0.9689489E-04   -0.6585194E-01   -0.6783458E-04   -0.1054131E-03    0.6598563E-05   -0.1091257E-03    0.4424042E-03    0.5885580E-03    0.9654803E-03    0.2599571E-02   -0.1952568E-01   -0.1099130E-04   -0.5852876E-02    0.7291322E-05
   -0.3310259E-06   -0.1436319E-04   -0.2284271E-04    0.9689489E-04    0.1909948E-03   -0.8500295E-03   -0.1798406E-05   -0.9544062E-06    0.9500002E-06    0.3386134E-05    0.7002576E-05   -0.2590436E-04   -0.1185528E-04   -0.2165418E-04    0.4567794E-04    0.2575752E-05    0.5345176E-04    0.8051700E-06
   -0.2241684E-04    0.5959270E-02    0.8409127E-02   -0.6585194E-01   -0.8500295E-03    0.9377598E+00    0.1940728E-02    0.9062346E-03    0.1553161E-03   -0.2687237E-03   -0.1948674E-02   -0.3879810E-02   -0.3128037E-02    0.7207724E-02    0.2438920E-01   -0.9437138E-03   -0.4090000E-01    0.3023329E-04
    0.4160364E-06    0.6457797E-05    0.7680934E-05   -0.6783458E-04   -0.1798406E-05    0.1940728E-02    0.1827460E-03    0.3549569E-05   -0.4669456E-06    0.1044565E-04    0.8972545E-05   -0.1538839E-04    0.1329271E-04   -0.3897177E-04    0.2817340E-04    0.9078573E-06   -0.4359757E-04   -0.1449228E-05
    0.5270165E-07    0.9173842E-05    0.1154136E-04   -0.1054131E-03   -0.9544062E-06    0.9062346E-03    0.3549569E-05    0.1048153E-03    0.4152745E-05    0.7690206E-05    0.1779277E-05   -0.9252967E-05    0.7869307E-05   -0.3291494E-04    0.4405653E-04   -0.2879091E-05   -0.3584870E-04    0.3408260E-06
   -0.8428155E-07    0.9448128E-07   -0.1212990E-05    0.6598563E-05    0.9500002E-06    0.1553161E-03   -0.4669456E-06    0.4152745E-05    0.6878646E-04    0.1282167E-05   -0.2473993E-05    0.6483138E-05    0.1802702E-04   -0.1161651E-05   -0.1533752E-06   -0.2403585E-08   -0.6342778E-05   -0.1596627E-07
    0.6902346E-06    0.9349012E-05    0.1352884E-04   -0.1091257E-03    0.3386134E-05   -0.2687237E-03    0.1044565E-04    0.7690206E-05    0.1282167E-05    0.2789341E-03    0.2051964E-04   -0.1173635E-04   -0.2489083E-04   -0.5217526E-04    0.3739441E-04   -0.1065056E-05    0.1264847E-04    0.2367815E-05
    0.1589596E-05   -0.4218177E-04   -0.6017642E-04    0.4424042E-03    0.7002576E-05   -0.1948674E-02    0.8972545E-05    0.1779277E-05   -0.2473993E-05    0.2051964E-04    0.9117760E-03    0.1563247E-03    0.3589722E-04    0.3610614E-04   -0.1466817E-03    0.8676021E-06    0.4010310E-03   -0.9545912E-06
   -0.1669452E-05   -0.7460379E-04   -0.9304894E-04    0.5885580E-03   -0.2590436E-04   -0.3879810E-02   -0.1538839E-04   -0.9252967E-05    0.6483138E-05   -0.1173635E-04    0.1563247E-03    0.2822693E-02    0.1371550E-04   -0.5641539E-04   -0.3340656E-03    0.2435994E-04    0.6027667E-03    0.2734009E-05
    0.2946009E-05   -0.6706852E-04   -0.9344013E-04    0.9654803E-03   -0.1185528E-04   -0.3128037E-02    0.1329271E-04    0.7869307E-05    0.1802702E-04   -0.2489083E-04    0.3589722E-04    0.1371550E-04    0.3148414E-02    0.8047003E-04   -0.3460970E-03   -0.8936793E-05    0.1768734E-03   -0.4617263E-06
   -0.3232891E-05   -0.1986870E-03   -0.2772107E-03    0.2599571E-02   -0.2165418E-04    0.7207724E-02   -0.3897177E-04   -0.3291494E-04   -0.1161651E-05   -0.5217526E-04    0.3610614E-04   -0.5641539E-04    0.8047003E-04    0.5828900E-02   -0.8688666E-03    0.3760723E-04    0.4352375E-03   -0.7205481E-05
    0.2145349E-05    0.1234404E-02    0.1764991E-02   -0.1952568E-01    0.4567794E-04    0.2438920E-01    0.2817340E-04    0.4405653E-04   -0.1533752E-06    0.3739441E-04   -0.1466817E-03   -0.3340656E-03   -0.3460970E-03   -0.8688666E-03    0.8647096E-02    0.3234456E-04    0.1818627E-02   -0.4741648E-05
   -0.6583176E-06   -0.7224847E-05   -0.7961265E-05   -0.1099130E-04    0.2575752E-05   -0.9437138E-03    0.9078573E-06   -0.2879091E-05   -0.2403585E-08   -0.1065056E-05    0.8676021E-06    0.2435994E-04   -0.8936793E-05    0.3760723E-04    0.3234456E-04    0.4215860E-03   -0.4240981E-03    0.7522721E-07
   -0.8537413E-06    0.4159155E-04    0.8411569E-04   -0.5852876E-02    0.5345176E-04   -0.4090000E-01   -0.4359757E-04   -0.3584870E-04   -0.6342778E-05    0.1264847E-04    0.4010310E-03    0.6027667E-03    0.1768734E-03    0.4352375E-03    0.1818627E-02   -0.4240981E-03    0.9595467E-02   -0.1366398E-04
   -0.2229901E-08   -0.2555888E-06   -0.7291206E-07    0.7291322E-05    0.8051700E-06    0.3023329E-04   -0.1449228E-05    0.3408260E-06   -0.1596627E-07    0.2367815E-05   -0.9545912E-06    0.2734009E-05   -0.4617263E-06   -0.7205481E-05   -0.4741648E-05    0.7522721E-07   -0.1366398E-04    0.9895785E-04
