# omegabh2 omegach2 theta meffsterile logA ns ampia a1phot a2phot a3phot a4phot a5phot a6phot a7phot meadnuis2 calPlanck alpha_SZ ystar_SZ bias_SZ scatter_SZ
    0.1192413E-06   -0.3697269E-07    0.1804793E-06    0.2433713E-05   -0.3604556E-06    0.1153128E-05   -0.8028912E-04   -0.2096133E-06   -0.1146957E-05    0.1951127E-06   -0.3053512E-05   -0.3359286E-07   -0.5699084E-06   -0.2092132E-05   -0.7622384E-05   -0.4324687E-06   -0.1914918E-05   -0.4241834E-07    0.3205417E-05    0.6294910E-06
   -0.3697269E-07    0.2603105E-05    0.1689679E-06   -0.2598007E-04   -0.1138629E-05    0.2553753E-05    0.3343577E-03    0.2658244E-05    0.2591209E-05    0.5323621E-06   -0.2178330E-05   -0.1334746E-04    0.3544192E-04   -0.1091404E-04   -0.5598797E-04    0.1275210E-06    0.9903076E-05   -0.1402138E-04   -0.3187231E-04    0.5139981E-05
    0.1804793E-06    0.1689679E-06    0.7910040E-06    0.1313422E-04   -0.1210804E-05    0.2340432E-05   -0.1002842E-03    0.1311216E-05   -0.1878765E-05    0.7376349E-06   -0.7233849E-05    0.1731508E-05    0.1838073E-04    0.2489739E-05   -0.2791158E-04   -0.7215293E-06   -0.1030264E-05   -0.2074359E-05    0.3788802E-05   -0.2089955E-06
    0.2433713E-05   -0.2598007E-04    0.1313422E-04    0.2049726E-02    0.2214460E-04    0.1139107E-04   -0.2148352E-02    0.8446610E-04    0.4378910E-05    0.1461640E-04   -0.1627330E-03    0.2186385E-03   -0.2210902E-03    0.3117013E-03    0.3396420E-03   -0.2130242E-04   -0.1739620E-04   -0.3258435E-04    0.1981796E-03   -0.4509098E-04
   -0.3604556E-06   -0.1138629E-05   -0.1210804E-05    0.2214460E-04    0.1099400E-04    0.1050521E-06    0.4724691E-03    0.4450666E-05    0.5290460E-05   -0.3944213E-06   -0.1501509E-04   -0.6596099E-05   -0.6626444E-04    0.1216464E-04    0.8612692E-04   -0.1180963E-05    0.7776582E-05    0.1625245E-04   -0.2042990E-04    0.1225085E-05
    0.1153128E-05    0.2553753E-05    0.2340432E-05    0.1139107E-04    0.1050521E-06    0.5313127E-04   -0.8626984E-03   -0.1320147E-05   -0.4582830E-05    0.2886005E-06   -0.6119080E-04   -0.6064027E-04    0.1632919E-03   -0.1149678E-03   -0.1251094E-03   -0.5507435E-05   -0.5643724E-04   -0.3196827E-05   -0.4107676E-04    0.2247024E-04
   -0.8028912E-04    0.3343577E-03   -0.1002842E-03   -0.2148352E-02    0.4724691E-03   -0.8626984E-03    0.4835909E+00    0.2777341E-02    0.3134493E-02   -0.7796651E-03    0.8546716E-03   -0.8360955E-04    0.9368690E-03    0.2120266E-02    0.1017395E-01    0.2619078E-03    0.5955078E-02   -0.2550620E-02   -0.5152335E-02    0.3259700E-03
   -0.2096133E-06    0.2658244E-05    0.1311216E-05    0.8446610E-04    0.4450666E-05   -0.1320147E-05    0.2777341E-02    0.1232345E-03    0.6249587E-04   -0.2303186E-04   -0.2382836E-04    0.3122295E-04    0.2851813E-04    0.6425113E-06    0.6048804E-04    0.2445511E-06    0.1068411E-03   -0.4753483E-04   -0.1954165E-04    0.3083729E-05
   -0.1146957E-05    0.2591209E-05   -0.1878765E-05    0.4378910E-05    0.5290460E-05   -0.4582830E-05    0.3134493E-02    0.6249587E-04    0.1455936E-03   -0.5769001E-05    0.2696580E-04    0.1867087E-04   -0.1425706E-04   -0.5918685E-04    0.8222739E-04    0.3807563E-05    0.7609282E-04   -0.6725519E-04   -0.2274582E-04    0.6833202E-06
    0.1951127E-06    0.5323621E-06    0.7376349E-06    0.1461640E-04   -0.3944213E-06    0.2886005E-06   -0.7796651E-03   -0.2303186E-04   -0.5769001E-05    0.5927862E-04   -0.4114712E-04   -0.1605775E-04   -0.1130889E-04    0.9221277E-05   -0.8329824E-04   -0.4182186E-05    0.1256438E-04    0.6973471E-05   -0.1102528E-04    0.1365859E-04
   -0.3053512E-05   -0.2178330E-05   -0.7233849E-05   -0.1627330E-03   -0.1501509E-04   -0.6119080E-04    0.8546716E-03   -0.2382836E-04    0.2696580E-04   -0.4114712E-04    0.4022757E-03    0.1116174E-03    0.1087990E-04   -0.6365840E-04    0.1745511E-03    0.3091630E-04    0.9212036E-05    0.8943681E-05    0.4540945E-05   -0.3990952E-04
   -0.3359286E-07   -0.1334746E-04    0.1731508E-05    0.2186385E-03   -0.6596099E-05   -0.6064027E-04   -0.8360955E-04    0.3122295E-04    0.1867087E-04   -0.1605775E-04    0.1116174E-03    0.3179888E-03   -0.1562378E-03    0.1317507E-03    0.1036081E-03    0.8011864E-05    0.6196268E-05    0.1548439E-04    0.2340286E-03   -0.6729546E-04
   -0.5699084E-06    0.3544192E-04    0.1838073E-04   -0.2210902E-03   -0.6626444E-04    0.1632919E-03    0.9368690E-03    0.2851813E-04   -0.1425706E-04   -0.1130889E-04    0.1087990E-04   -0.1562378E-03    0.2095443E-02   -0.2855286E-03   -0.8669387E-03    0.2238689E-04   -0.1970225E-03   -0.1506378E-03   -0.4451487E-03   -0.1122109E-04
   -0.2092132E-05   -0.1091404E-04    0.2489739E-05    0.3117013E-03    0.1216464E-04   -0.1149678E-03    0.2120266E-02    0.6425113E-06   -0.5918685E-04    0.9221277E-05   -0.6365840E-04    0.1317507E-03   -0.2855286E-03    0.7186031E-03    0.3987090E-03   -0.3725499E-05    0.1880425E-03    0.8921489E-04    0.1076256E-03   -0.8808330E-04
   -0.7622384E-05   -0.5598797E-04   -0.2791158E-04    0.3396420E-03    0.8612692E-04   -0.1251094E-03    0.1017395E-01    0.6048804E-04    0.8222739E-04   -0.8329824E-04    0.1745511E-03    0.1036081E-03   -0.8669387E-03    0.3987090E-03    0.6436266E-02    0.3620958E-04   -0.2958168E-03    0.5166881E-03    0.1853397E-03   -0.1130884E-03
   -0.4324687E-06    0.1275210E-06   -0.7215293E-06   -0.2130242E-04   -0.1180963E-05   -0.5507435E-05    0.2619078E-03    0.2445511E-06    0.3807563E-05   -0.4182186E-05    0.3091630E-04    0.8011864E-05    0.2238689E-04   -0.3725499E-05    0.3620958E-04    0.3659231E-05   -0.1190748E-05   -0.1183696E-05   -0.6568423E-05   -0.5935052E-05
   -0.1914918E-05    0.9903076E-05   -0.1030264E-05   -0.1739620E-04    0.7776582E-05   -0.5643724E-04    0.5955078E-02    0.1068411E-03    0.7609282E-04    0.1256438E-04    0.9212036E-05    0.6196268E-05   -0.1970225E-03    0.1880425E-03   -0.2958168E-03   -0.1190748E-05    0.1942521E-02   -0.7839786E-04    0.8185479E-04    0.6290047E-04
   -0.4241834E-07   -0.1402138E-04   -0.2074359E-05   -0.3258435E-04    0.1625245E-04   -0.3196827E-05   -0.2550620E-02   -0.4753483E-04   -0.6725519E-04    0.6973471E-05    0.8943681E-05    0.1548439E-04   -0.1506378E-03    0.8921489E-04    0.5166881E-03   -0.1183696E-05   -0.7839786E-04    0.4351945E-03   -0.1614006E-03   -0.4500362E-04
    0.3205417E-05   -0.3187231E-04    0.3788802E-05    0.1981796E-03   -0.2042990E-04   -0.4107676E-04   -0.5152335E-02   -0.1954165E-04   -0.2274582E-04   -0.1102528E-04    0.4540945E-05    0.2340286E-03   -0.4451487E-03    0.1076256E-03    0.1853397E-03   -0.6568423E-05    0.8185479E-04   -0.1614006E-03    0.9600736E-03   -0.4559331E-04
    0.6294910E-06    0.5139981E-05   -0.2089955E-06   -0.4509098E-04    0.1225085E-05    0.2247024E-04    0.3259700E-03    0.3083729E-05    0.6833202E-06    0.1365859E-04   -0.3990952E-04   -0.6729546E-04   -0.1122109E-04   -0.8808330E-04   -0.1130884E-03   -0.5935052E-05    0.6290047E-04   -0.4500362E-04   -0.4559331E-04    0.8122011E-04
