# omegabh2 omegach2 theta mnu logA ns ampia a1phot a2phot a3phot a4phot a5phot a6phot a7phot meadnuis2 calPlanck alpha_SZ ystar_SZ bias_SZ scatter_SZ
    0.5490513E-07    0.6885234E-07   -0.7276640E-08   -0.1011074E-06    0.2479284E-06    0.8031072E-06    0.2654974E-05   -0.4405277E-06    0.6640178E-06   -0.2133772E-06    0.4189686E-06   -0.7187142E-06   -0.4278149E-06    0.9301545E-06   -0.5979668E-06    0.5500212E-07    0.9114372E-06    0.4216557E-06   -0.1423139E-05    0.9599556E-07
    0.6885234E-07    0.2331970E-05    0.1402059E-06   -0.2646768E-04    0.3374692E-06    0.5446387E-06    0.4082093E-03    0.7383356E-05    0.7131410E-05   -0.9390770E-07   -0.9841780E-05   -0.1956431E-04   -0.2124911E-04    0.1612608E-04   -0.1480749E-04   -0.1147448E-05    0.1407215E-04    0.2967430E-05   -0.5921342E-04   -0.1416833E-05
   -0.7276640E-08    0.1402059E-06    0.5535145E-06   -0.1463327E-05    0.1253370E-05   -0.2862989E-05   -0.4143956E-04    0.9958223E-06    0.8059111E-06    0.1237343E-06   -0.8416803E-05    0.6585474E-05    0.9889055E-05    0.7591272E-06   -0.2122870E-05   -0.1347396E-05   -0.3339264E-05   -0.1752898E-05    0.1891161E-05    0.5762923E-06
   -0.1011074E-06   -0.2646768E-04   -0.1463327E-05    0.8070189E-03   -0.2965458E-04   -0.1421036E-04   -0.2337009E-02   -0.8047245E-04   -0.8661201E-04   -0.1093686E-04    0.1924852E-03    0.4534858E-04   -0.1863037E-03   -0.1552152E-04    0.4655022E-03    0.2002744E-04   -0.1624840E-03   -0.1418977E-03    0.9771213E-03   -0.4624342E-04
    0.2479284E-06    0.3374692E-06    0.1253370E-05   -0.2965458E-04    0.1743130E-04    0.7089274E-05   -0.4320404E-03    0.1525000E-04    0.1007880E-04   -0.7858784E-05   -0.1763355E-04    0.1710181E-05    0.7672477E-04   -0.1192477E-04   -0.1807067E-04   -0.1328252E-06    0.3614915E-05    0.1319987E-04   -0.4119330E-04    0.1158282E-05
    0.8031072E-06    0.5446387E-06   -0.2862989E-05   -0.1421036E-04    0.7089274E-05    0.6541548E-04    0.8385236E-03    0.6647409E-05    0.2292200E-04   -0.7250438E-05    0.4528230E-04   -0.8560821E-05   -0.1298674E-05    0.4459251E-04   -0.5330206E-04    0.9975976E-05    0.6397521E-04    0.2936603E-04   -0.9246357E-04    0.6366657E-05
    0.2654974E-05    0.4082093E-03   -0.4143956E-04   -0.2337009E-02   -0.4320404E-03    0.8385236E-03    0.5687403E+00    0.3939953E-02    0.9139729E-03   -0.5887015E-03    0.4986021E-03   -0.5986293E-02   -0.1020634E-01    0.6163949E-02    0.7980735E-02   -0.7950103E-05    0.3123332E-02   -0.2588309E-02   -0.7159588E-02   -0.1286581E-03
   -0.4405277E-06    0.7383356E-05    0.9958223E-06   -0.8047245E-04    0.1525000E-04    0.6647409E-05    0.3939953E-02    0.1989527E-03    0.2832316E-04   -0.1475290E-04   -0.3652150E-06   -0.1879194E-03   -0.1461873E-03    0.8518926E-04    0.1048224E-03   -0.8230049E-06    0.6951060E-04   -0.2031196E-04   -0.1944609E-03    0.4298348E-05
    0.6640178E-06    0.7131410E-05    0.8059111E-06   -0.8661201E-04    0.1007880E-04    0.2292200E-04    0.9139729E-03    0.2832316E-04    0.1178677E-03   -0.1643984E-04   -0.3388411E-04   -0.6289457E-04   -0.2783347E-04    0.7490724E-04   -0.1378130E-03    0.1712374E-06    0.4949215E-04   -0.2423162E-04   -0.1695581E-03   -0.4147185E-05
   -0.2133772E-06   -0.9390770E-07    0.1237343E-06   -0.1093686E-04   -0.7858784E-05   -0.7250438E-05   -0.5887015E-03   -0.1475290E-04   -0.1643984E-04    0.7231881E-04   -0.1622798E-04    0.2470974E-04   -0.4592766E-04    0.4714869E-04    0.8917052E-04   -0.5091991E-05   -0.1245013E-04    0.1605147E-04   -0.7771663E-05    0.1141125E-04
    0.4189686E-06   -0.9841780E-05   -0.8416803E-05    0.1924852E-03   -0.1763355E-04    0.4528230E-04    0.4986021E-03   -0.3652150E-06   -0.3388411E-04   -0.1622798E-04    0.3756406E-03   -0.1663829E-03   -0.2097225E-03   -0.4836769E-04    0.7880093E-04    0.2902676E-04    0.5660109E-05   -0.6836120E-05    0.2191905E-03    0.1893564E-05
   -0.7187142E-06   -0.1956431E-04    0.6585474E-05    0.4534858E-04    0.1710181E-05   -0.8560821E-05   -0.5986293E-02   -0.1879194E-03   -0.6289457E-04    0.2470974E-04   -0.1663829E-03    0.1038213E-02    0.7224832E-03   -0.1579845E-03   -0.8880096E-04   -0.2669562E-04   -0.3937137E-04    0.1953295E-04    0.5134203E-03    0.1055309E-03
   -0.4278149E-06   -0.2124911E-04    0.9889055E-05   -0.1863037E-03    0.7672477E-04   -0.1298674E-05   -0.1020634E-01   -0.1461873E-03   -0.2783347E-04   -0.4592766E-04   -0.2097225E-03    0.7224832E-03    0.1702015E-02   -0.7329545E-03   -0.7480098E-03   -0.5521457E-05   -0.7499159E-04    0.2369826E-04    0.4055573E-03    0.3578695E-04
    0.9301545E-06    0.1612608E-04    0.7591272E-06   -0.1552152E-04   -0.1192477E-04    0.4459251E-04    0.6163949E-02    0.8518926E-04    0.7490724E-04    0.4714869E-04   -0.4836769E-04   -0.1579845E-03   -0.7329545E-03    0.9027937E-03    0.4368723E-03   -0.1272261E-04    0.1155585E-03    0.5346197E-04   -0.4186512E-03    0.3475336E-04
   -0.5979668E-06   -0.1480749E-04   -0.2122870E-05    0.4655022E-03   -0.1807067E-04   -0.5330206E-04    0.7980735E-02    0.1048224E-03   -0.1378130E-03    0.8917052E-04    0.7880093E-04   -0.8880096E-04   -0.7480098E-03    0.4368723E-03    0.6137304E-02   -0.1004156E-04   -0.3376305E-04    0.5669863E-04    0.4157469E-03    0.5674841E-04
    0.5500212E-07   -0.1147448E-05   -0.1347396E-05    0.2002744E-04   -0.1328252E-06    0.9975976E-05   -0.7950103E-05   -0.8230049E-06    0.1712374E-06   -0.5091991E-05    0.2902676E-04   -0.2669562E-04   -0.5521457E-05   -0.1272261E-04   -0.1004156E-04    0.6087112E-05    0.3606066E-05    0.3558664E-05    0.1158043E-04   -0.5555503E-05
    0.9114372E-06    0.1407215E-04   -0.3339264E-05   -0.1624840E-03    0.3614915E-05    0.6397521E-04    0.3123332E-02    0.6951060E-04    0.4949215E-04   -0.1245013E-04    0.5660109E-05   -0.3937137E-04   -0.7499159E-04    0.1155585E-03   -0.3376305E-04    0.3606066E-05    0.1779887E-02    0.1933854E-03   -0.3911344E-03    0.7693532E-05
    0.4216557E-06    0.2967430E-05   -0.1752898E-05   -0.1418977E-03    0.1319987E-04    0.2936603E-04   -0.2588309E-02   -0.2031196E-04   -0.2423162E-04    0.1605147E-04   -0.6836120E-05    0.1953295E-04    0.2369826E-04    0.5346197E-04    0.5669863E-04    0.3558664E-05    0.1933854E-03    0.4629502E-03   -0.5754981E-03    0.5776866E-04
   -0.1423139E-05   -0.5921342E-04    0.1891161E-05    0.9771213E-03   -0.4119330E-04   -0.9246357E-04   -0.7159588E-02   -0.1944609E-03   -0.1695581E-03   -0.7771663E-05    0.2191905E-03    0.5134203E-03    0.4055573E-03   -0.4186512E-03    0.4157469E-03    0.1158043E-04   -0.3911344E-03   -0.5754981E-03    0.2317340E-02   -0.3632545E-04
    0.9599556E-07   -0.1416833E-05    0.5762923E-06   -0.4624342E-04    0.1158282E-05    0.6366657E-05   -0.1286581E-03    0.4298348E-05   -0.4147185E-05    0.1141125E-04    0.1893564E-05    0.1055309E-03    0.3578695E-04    0.3475336E-04    0.5674841E-04   -0.5555503E-05    0.7693532E-05    0.5776866E-04   -0.3632545E-04    0.8875733E-04
