# omegabh2 omegach2 theta logA ns ampia a1phot a2phot a3phot a4phot a5phot a6phot a7phot meadnuis2 calPlanck alpha_SZ ystar_SZ bias_SZ scatter_SZ
    0.3114381E-05    0.3425913E-05    0.2660014E-05    0.2972111E-05    0.5285681E-06   -0.5792847E-04   -0.6223601E-06   -0.7049513E-06    0.3591687E-06    0.2032327E-06    0.1769745E-05   -0.1827012E-05   -0.1847232E-05   -0.1812267E-05   -0.1440877E-06   -0.7831385E-05    0.8273456E-06    0.2310754E-05    0.1589299E-06
    0.3425913E-05    0.7740067E-05    0.6880137E-05    0.1719948E-04   -0.7989567E-05    0.5353681E-03    0.5563714E-06   -0.9246391E-06    0.9810505E-06    0.4281829E-06   -0.7075433E-05   -0.2089511E-04   -0.1769274E-04   -0.1725328E-04   -0.5112561E-06   -0.4597474E-05   -0.3074824E-05   -0.8556352E-04    0.3470759E-06
    0.2660014E-05    0.6880137E-05    0.1054946E-04    0.4222852E-04   -0.1099207E-04    0.4361384E-03    0.1043801E-05   -0.1055404E-05    0.8577108E-06   -0.8376913E-06   -0.7466720E-05   -0.2075086E-04   -0.1603895E-04   -0.1080799E-04   -0.4504603E-06   -0.3185122E-04   -0.3407395E-05   -0.9219408E-04    0.5453412E-06
    0.2972111E-05    0.1719948E-04    0.4222852E-04    0.2973969E-03   -0.3939198E-04    0.1868935E-02    0.9716088E-05   -0.1654145E-05    0.4655495E-06   -0.8778858E-05   -0.2075462E-04   -0.8698089E-04   -0.2632653E-04   -0.2482863E-04    0.6544249E-05   -0.1847004E-03   -0.1702823E-04   -0.4536878E-03    0.8527274E-06
    0.5285681E-06   -0.7989567E-05   -0.1099207E-04   -0.3939198E-04    0.1991514E-03    0.6970478E-05    0.1516603E-05    0.1280379E-05    0.1239904E-05   -0.4761922E-05   -0.5467683E-05    0.1119870E-04    0.3126193E-04   -0.3453274E-04   -0.7902939E-06    0.8396303E-04    0.5302840E-05    0.8383294E-04   -0.5671990E-06
   -0.5792847E-04    0.5353681E-03    0.4361384E-03    0.1868935E-02    0.6970478E-05    0.6020758E+00    0.1873390E-02    0.6174887E-03    0.3791563E-04   -0.4626390E-04   -0.3745163E-04   -0.5131325E-02   -0.1930206E-02    0.1157390E-01   -0.4731504E-05    0.1471646E-02   -0.7145369E-03   -0.1450329E-01    0.7370694E-04
   -0.6223601E-06    0.5563714E-06    0.1043801E-05    0.9716088E-05    0.1516603E-05    0.1873390E-02    0.1669397E-03    0.1951780E-05   -0.1870540E-05   -0.1241676E-05   -0.2022254E-04   -0.3592295E-04   -0.1050682E-04    0.8277353E-04    0.1522074E-05   -0.7780050E-05    0.2058262E-06   -0.4081835E-04    0.2796641E-05
   -0.7049513E-06   -0.9246391E-06   -0.1055404E-05   -0.1654145E-05    0.1280379E-05    0.6174887E-03    0.1951780E-05    0.9921507E-04    0.2783192E-05    0.8974216E-05    0.6013825E-05    0.5570235E-05    0.1753365E-04    0.1890901E-04    0.3708904E-06    0.8338704E-05   -0.2862274E-05    0.4941445E-05    0.3722943E-06
    0.3591687E-06    0.9810505E-06    0.8577108E-06    0.4655495E-06    0.1239904E-05    0.3791563E-04   -0.1870540E-05    0.2783192E-05    0.6528262E-04    0.2171139E-05    0.2397656E-05   -0.8765838E-05    0.1481616E-05   -0.1591156E-04   -0.3692648E-06    0.1304128E-04   -0.1747752E-05   -0.9348246E-05   -0.8668609E-06
    0.2032327E-06    0.4281829E-06   -0.8376913E-06   -0.8778858E-05   -0.4761922E-05   -0.4626390E-04   -0.1241676E-05    0.8974216E-05    0.2171139E-05    0.2571910E-03    0.6029212E-05    0.5609871E-04   -0.4464245E-04    0.5630630E-04   -0.1299960E-06    0.1064390E-04   -0.1577027E-05    0.1088154E-04    0.7148064E-06
    0.1769745E-05   -0.7075433E-05   -0.7466720E-05   -0.2075462E-04   -0.5467683E-05   -0.3745163E-04   -0.2022254E-04    0.6013825E-05    0.2397656E-05    0.6029212E-05    0.9040626E-03    0.2201663E-03    0.8524633E-04   -0.9647093E-04    0.4274401E-05   -0.3429413E-04    0.1397650E-04    0.1952662E-03    0.1450042E-05
   -0.1827012E-05   -0.2089511E-04   -0.2075086E-04   -0.8698089E-04    0.1119870E-04   -0.5131325E-02   -0.3592295E-04    0.5570235E-05   -0.8765838E-05    0.5609871E-04    0.2201663E-03    0.2102629E-02    0.1257475E-03   -0.1936796E-03   -0.2397175E-05   -0.3688539E-04    0.1646985E-04    0.4627940E-03    0.1202391E-05
   -0.1847232E-05   -0.1769274E-04   -0.1603895E-04   -0.2632653E-04    0.3126193E-04   -0.1930206E-02   -0.1050682E-04    0.1753365E-04    0.1481616E-05   -0.4464245E-04    0.8524633E-04    0.1257475E-03    0.3062983E-02   -0.1307495E-03    0.3696564E-06    0.1067253E-04    0.2273751E-04    0.3257680E-03    0.4129679E-05
   -0.1812267E-05   -0.1725328E-04   -0.1080799E-04   -0.2482863E-04   -0.3453274E-04    0.1157390E-01    0.8277353E-04    0.1890901E-04   -0.1591156E-04    0.5630630E-04   -0.9647093E-04   -0.1936796E-03   -0.1307495E-03    0.6348569E-02    0.2726900E-05   -0.1595708E-03   -0.4127156E-05    0.3710787E-03    0.1114672E-04
   -0.1440877E-06   -0.5112561E-06   -0.4504603E-06    0.6544249E-05   -0.7902939E-06   -0.4731504E-05    0.1522074E-05    0.3708904E-06   -0.3692648E-06   -0.1299960E-06    0.4274401E-05   -0.2397175E-05    0.3696564E-06    0.2726900E-05    0.6325905E-05   -0.1383939E-05   -0.3339471E-06   -0.1243130E-06   -0.5656429E-07
   -0.7831385E-05   -0.4597474E-05   -0.3185122E-04   -0.1847004E-03    0.8396303E-04    0.1471646E-02   -0.7780050E-05    0.8338704E-05    0.1304128E-04    0.1064390E-04   -0.3429413E-04   -0.3688539E-04    0.1067253E-04   -0.1595708E-03   -0.1383939E-05    0.2248190E-02    0.5537077E-04    0.1834859E-03   -0.9244789E-05
    0.8273456E-06   -0.3074824E-05   -0.3407395E-05   -0.1702823E-04    0.5302840E-05   -0.7145369E-03    0.2058262E-06   -0.2862274E-05   -0.1747752E-05   -0.1577027E-05    0.1397650E-04    0.1646985E-04    0.2273751E-04   -0.4127156E-05   -0.3339471E-06    0.5537077E-04    0.4172263E-03   -0.3769519E-03   -0.2683425E-05
    0.2310754E-05   -0.8556352E-04   -0.9219408E-04   -0.4536878E-03    0.8383294E-04   -0.1450329E-01   -0.4081835E-04    0.4941445E-05   -0.9348246E-05    0.1088154E-04    0.1952662E-03    0.4627940E-03    0.3257680E-03    0.3710787E-03   -0.1243130E-06    0.1834859E-03   -0.3769519E-03    0.2878401E-02   -0.8763661E-05
    0.1589299E-06    0.3470759E-06    0.5453412E-06    0.8527274E-06   -0.5671990E-06    0.7370694E-04    0.2796641E-05    0.3722943E-06   -0.8668609E-06    0.7148064E-06    0.1450042E-05    0.1202391E-05    0.4129679E-05    0.1114672E-04   -0.5656429E-07   -0.9244789E-05   -0.2683425E-05   -0.8763661E-05    0.9868352E-04
