# omegabh2 omegach2 theta logA ns alpha_SZ ystar_SZ bias_SZ scatter_SZ
    0.3922540E-05    0.8579547E-05    0.6818146E-05   -0.3052182E-04   -0.1429956E-06   -0.5026043E-05    0.1995448E-06   -0.2076591E-05    0.1946477E-06
    0.8579547E-05    0.3559920E-03    0.4101017E-03   -0.3219796E-02   -0.9838286E-05    0.1273896E-02   -0.3135951E-04   -0.1178741E-02   -0.4711983E-05
    0.6818146E-05    0.4101017E-03    0.4867752E-03   -0.3861230E-02   -0.1075205E-04    0.1501839E-02   -0.3392082E-04   -0.1324970E-02   -0.4254871E-05
   -0.3052182E-04   -0.3219796E-02   -0.3861230E-02    0.3948237E-01   -0.7442506E-04   -0.1471846E-01    0.7594448E-04   -0.3140995E-03   -0.1594156E-05
   -0.1429956E-06   -0.9838286E-05   -0.1075205E-04   -0.7442506E-04    0.1985269E-03    0.1145802E-03    0.1434853E-05    0.7944536E-04    0.3729270E-05
   -0.5026043E-05    0.1273896E-02    0.1501839E-02   -0.1471846E-01    0.1145802E-03    0.8593360E-02   -0.6673269E-05   -0.1098810E-02   -0.1797872E-04
    0.1995448E-06   -0.3135951E-04   -0.3392082E-04    0.7594448E-04    0.1434853E-05   -0.6673269E-05    0.4454479E-03   -0.1221647E-03    0.4130177E-05
   -0.2076591E-05   -0.1178741E-02   -0.1324970E-02   -0.3140995E-03    0.7944536E-04   -0.1098810E-02   -0.1221647E-03    0.2032647E-01    0.5363571E-04
    0.1946477E-06   -0.4711983E-05   -0.4254871E-05   -0.1594156E-05    0.3729270E-05   -0.1797872E-04    0.4130177E-05    0.5363571E-04    0.1016290E-03
