# omegabh2 omegach2 theta mnu logA ns calPlanck acib217 xi asz143 aps100 aps143 aps143217 aps217 aksz kgal100 kgal143 kgal143217 kgal217 galfEE100 galfEE100143 galfEE100217 galfEE143 galfEE143217 galfEE217 galfTE100 galfTE100143 galfTE100217 galfTE143 galfTE143217 galfTE217 cal0 cal2
    0.1843837E-07   -0.5694013E-07    0.1101581E-07    0.1693466E-06   -0.2199400E-07    0.1475136E-06    0.1679108E-07   -0.6536549E-04    0.1961097E-05    0.2008929E-04   -0.3107500E-03   -0.1740187E-03   -0.2680199E-04    0.1357505E-04   -0.2849570E-04   -0.2199300E-05   -0.5597507E-05   -0.7986973E-05    0.3550602E-05    0.2965075E-07    0.2208514E-07    0.6181270E-07    0.2976795E-07    0.9836149E-07    0.2166372E-06   -0.6168868E-07   -0.2408504E-07   -0.2045569E-06   -0.1473301E-06   -0.1262661E-05   -0.3055465E-05    0.3871589E-08   -0.4234224E-08
   -0.5694013E-07    0.1092468E-05   -0.5828342E-07   -0.1288856E-04    0.2584394E-05   -0.2383309E-05   -0.8593199E-07   -0.4753045E-04   -0.1757724E-05   -0.5200267E-04    0.2581405E-03    0.3826391E-03    0.2218575E-03    0.3274506E-03   -0.1628000E-04   -0.3479303E-05   -0.2085618E-04   -0.6426691E-04   -0.1791630E-04   -0.4361573E-06   -0.4057740E-06   -0.1952157E-06   -0.4501348E-06   -0.3124235E-06   -0.1732369E-05    0.4311392E-06    0.1521363E-06    0.4428858E-06    0.7806947E-06    0.4602062E-05    0.1356042E-04   -0.1826774E-08   -0.1983628E-08
    0.1101581E-07   -0.5828342E-07    0.8586687E-07    0.4282407E-06   -0.2605826E-07    0.2543829E-06    0.1628378E-07    0.3028015E-05    0.4280865E-09    0.3453160E-05   -0.5568704E-04   -0.4432504E-04   -0.2357752E-04   -0.1749837E-04    0.2255288E-05    0.2375525E-05    0.2088049E-05   -0.4617316E-05   -0.1288831E-04    0.3510659E-07    0.2409231E-07    0.1297684E-07    0.2451661E-07   -0.7026738E-07   -0.1819772E-06   -0.7022533E-07    0.1239994E-07   -0.1530623E-06   -0.9103620E-07   -0.6934998E-06   -0.1856455E-05    0.9564887E-09    0.4988154E-09
    0.1693466E-06   -0.1288856E-04    0.4282407E-06    0.2159976E-02   -0.3488417E-04    0.2253769E-04    0.3531337E-05    0.5513620E-02   -0.8105824E-04   -0.4675626E-03    0.2076694E-01    0.4633868E-02   -0.2615203E-02   -0.7636522E-02    0.3699191E-02    0.1455515E-02    0.1162078E-02    0.4193034E-02    0.5474617E-02    0.6011898E-05    0.7136680E-05   -0.2594101E-05    0.8507103E-05   -0.1629392E-04   -0.1469093E-04    0.7172145E-05   -0.1126316E-04    0.3361919E-04   -0.1148608E-04   -0.6574033E-04   -0.8673296E-04    0.6689113E-07    0.1306000E-05
   -0.2199400E-07    0.2584394E-05   -0.2605826E-07   -0.3488417E-04    0.3483641E-04   -0.6927708E-05    0.1229915E-04   -0.6927917E-03    0.7008823E-04    0.5300814E-04    0.2954303E-02    0.1949612E-02    0.4213813E-02    0.7243455E-02   -0.1080053E-02   -0.3273016E-03   -0.6412820E-03   -0.7514032E-03    0.1371643E-02    0.3103965E-07   -0.5487204E-06    0.7476862E-06    0.5130128E-06   -0.2225025E-05   -0.6159207E-05    0.8457108E-08   -0.1813796E-05   -0.5031357E-05    0.2274250E-05    0.6188858E-05    0.3268994E-04    0.2227078E-06   -0.1657124E-06
    0.1475136E-06   -0.2383309E-05    0.2543829E-06    0.2253769E-04   -0.6927708E-05    0.1425725E-04    0.3297497E-06   -0.3700042E-02    0.1168767E-03    0.8684763E-03   -0.1977798E-01   -0.4265585E-02    0.3163962E-02    0.4828394E-02   -0.1907487E-02    0.2731226E-03   -0.3354320E-04   -0.3102446E-03    0.2117106E-03    0.2155475E-05    0.2461218E-05    0.1163001E-05    0.2619750E-05    0.1333858E-05    0.3004730E-05    0.3239381E-08    0.7593192E-06    0.9240603E-06   -0.7269757E-06   -0.7009544E-05   -0.1536692E-04   -0.1432238E-06   -0.3470946E-06
    0.1679108E-07   -0.8593199E-07    0.1628378E-07    0.3531337E-05    0.1229915E-04    0.3297497E-06    0.6171342E-05    0.5616249E-03    0.9974449E-05    0.6870187E-04    0.2637480E-02    0.4345368E-03    0.7680380E-03    0.1574840E-02   -0.1102389E-03   -0.1716893E-04   -0.2690095E-04   -0.5648868E-04    0.6906422E-03    0.7681945E-06    0.5444729E-06    0.7964095E-06    0.1127200E-05   -0.1419483E-06    0.4057323E-06   -0.3297266E-06   -0.1092114E-05   -0.2371282E-05   -0.9284066E-07   -0.2911421E-06    0.6305522E-05   -0.6540644E-09   -0.5095166E-07
   -0.6536549E-04   -0.4753045E-04    0.3028015E-05    0.5513620E-02   -0.6927917E-03   -0.3700042E-02    0.5616249E-03    0.4224495E+02   -0.5026251E+00   -0.1410859E+01    0.3914304E+02   -0.9471637E+00   -0.2143546E+02   -0.5987691E+02   -0.5238631E-01   -0.1243113E+00   -0.3658597E-01   -0.2026008E+01   -0.1797116E+02   -0.1901920E-03   -0.5768481E-03    0.5560476E-03   -0.3962429E-03   -0.2052740E-02    0.4431845E-02   -0.8237301E-03   -0.4559209E-03    0.3302548E-02   -0.1061747E-02   -0.1244684E-01   -0.2653822E-01   -0.2788358E-03    0.4254696E-02
    0.1961097E-05   -0.1757724E-05    0.4280865E-09   -0.8105824E-04    0.7008823E-04    0.1168767E-03    0.9974449E-05   -0.5026251E+00    0.8049942E-01   -0.6190352E-01   -0.5786351E+00    0.1018851E+01    0.1921874E+01    0.7907286E+00    0.6829636E-01   -0.6892415E-02    0.7987838E-02    0.1091485E+00    0.1129542E+00    0.1187127E-04    0.1480270E-04   -0.2253467E-04    0.2699313E-04    0.4837593E-04   -0.1476909E-04    0.2008019E-04    0.7965751E-05    0.1117686E-03   -0.5995859E-04    0.1871488E-03    0.8339213E-03    0.9152959E-05   -0.1737357E-04
    0.2008929E-04   -0.5200267E-04    0.3453160E-05   -0.4675626E-03    0.5300814E-04    0.8684763E-03    0.6870187E-04   -0.1410859E+01   -0.6190352E-01    0.3542338E+01   -0.2723336E+02   -0.3461715E+01    0.7526432E+01    0.6195534E+01   -0.2376734E+01   -0.1473623E+00    0.7466827E-01    0.2322818E+01    0.2019790E+01    0.1274443E-03    0.1292333E-03    0.1955118E-03    0.8272590E-04    0.1442241E-03    0.1039507E-02    0.4141261E-03   -0.4915930E-04   -0.1781361E-02   -0.4400759E-03   -0.3060123E-02   -0.6891727E-02    0.1709524E-03   -0.3202839E-03
   -0.3107500E-03    0.2581405E-03   -0.5568704E-04    0.2076694E-01    0.2954303E-02   -0.1977798E-01    0.2637480E-02    0.3914304E+02   -0.5786351E+00   -0.2723336E+02    0.7423836E+03    0.6042312E+02   -0.6136454E+02   -0.6740757E+02    0.1061100E+02   -0.3604445E+01    0.2301320E+01   -0.1228910E+02   -0.1556454E+02   -0.2167446E-02   -0.2625843E-02    0.3985360E-02   -0.2370275E-02   -0.8907424E-02    0.4443852E-02    0.2351600E-02   -0.3052040E-02   -0.1238689E-01    0.3490264E-02   -0.6135034E-02    0.4745756E-01    0.6222571E-02    0.3883964E-02
   -0.1740187E-03    0.3826391E-03   -0.4432504E-04    0.4633868E-02    0.1949612E-02   -0.4265585E-02    0.4345368E-03   -0.9471637E+00    0.1018851E+01   -0.3461715E+01    0.6042312E+02    0.5766242E+02    0.4372276E+02    0.1836376E+02   -0.4650301E+01   -0.2909544E+00   -0.1055390E+01    0.3520079E+01    0.3600064E+01   -0.4765301E-03   -0.8077562E-03   -0.1894489E-02   -0.6684621E-03   -0.2129277E-02    0.8523746E-02    0.9895845E-03   -0.4074791E-03    0.5244439E-02   -0.1715877E-02    0.1720437E-01    0.3741099E-01    0.8032390E-04    0.8862607E-06
   -0.2680199E-04    0.2218575E-03   -0.2357752E-04   -0.2615203E-02    0.4213813E-02    0.3163962E-02    0.7680380E-03   -0.2143546E+02    0.1921874E+01    0.7526432E+01   -0.6136454E+02    0.4372276E+02    0.9872529E+02    0.6603896E+02   -0.1111377E+02   -0.6628008E+00   -0.2574444E+00    0.4694358E+01    0.4979597E+01    0.1514662E-03    0.1611551E-03   -0.1872447E-02    0.5829814E-03   -0.3436119E-04    0.7470900E-02    0.2626686E-02    0.3054204E-03    0.7476303E-03    0.3550412E-04    0.1616234E-01    0.2736129E-01    0.7225843E-03   -0.2560257E-02
    0.1357505E-04    0.3274506E-03   -0.1749837E-04   -0.7636522E-02    0.7243455E-02    0.4828394E-02    0.1574840E-02   -0.5987691E+02    0.7907286E+00    0.6195534E+01   -0.6740757E+02    0.1836376E+02    0.6603896E+02    0.1192869E+03   -0.9241550E+01   -0.1744054E+00   -0.2417789E+00   -0.6162889E+00    0.1435794E+02    0.2508816E-03    0.7509611E-03   -0.1499011E-02    0.7053937E-03    0.9106169E-03    0.8383578E-03    0.1154922E-02    0.3330913E-03   -0.1611529E-02    0.3669978E-02    0.3304227E-01    0.6123370E-01    0.6820687E-03   -0.7545205E-02
   -0.2849570E-04   -0.1628000E-04    0.2255288E-05    0.3699191E-02   -0.1080053E-02   -0.1907487E-02   -0.1102389E-03   -0.5238631E-01    0.6829636E-01   -0.2376734E+01    0.1061100E+02   -0.4650301E+01   -0.1111377E+02   -0.9241550E+01    0.5519287E+01    0.1094509E+00   -0.9694990E-01   -0.1822169E+01   -0.1426414E+01   -0.2037973E-03   -0.1284376E-03    0.2861173E-05   -0.1104598E-03    0.3768348E-03   -0.2826583E-02   -0.6050280E-03   -0.2239493E-03   -0.9136090E-03   -0.7012315E-03   -0.6537003E-03    0.7465219E-03   -0.1031261E-03    0.1060768E-03
   -0.2199300E-05   -0.3479303E-05    0.2375525E-05    0.1455515E-02   -0.3273016E-03    0.2731226E-03   -0.1716893E-04   -0.1243113E+00   -0.6892415E-02   -0.1473623E+00   -0.3604445E+01   -0.2909544E+00   -0.6628008E+00   -0.1744054E+00    0.1094509E+00    0.3500616E+01    0.4021559E+00    0.1490426E+00    0.2721711E+00    0.9653114E-05    0.8743747E-04   -0.4391534E-03   -0.3453694E-04    0.1386512E-02   -0.2064075E-02   -0.4818825E-03    0.3739646E-03    0.3039963E-03    0.1895371E-03    0.1849907E-02    0.1218533E-02    0.3025540E-03   -0.2162026E-04
   -0.5597507E-05   -0.2085618E-04    0.2088049E-05    0.1162078E-02   -0.6412820E-03   -0.3354320E-04   -0.2690095E-04   -0.3658597E-01    0.7987838E-02    0.7466827E-01    0.2301320E+01   -0.1055390E+01   -0.2574444E+00   -0.2417789E+00   -0.9694990E-01    0.4021559E+00    0.3374718E+01    0.2644685E+01    0.1864388E+01   -0.1896191E-04    0.8675462E-06    0.1434073E-03    0.8118128E-04    0.3285871E-03   -0.4559217E-03   -0.8742496E-04   -0.4801065E-03   -0.5787683E-03    0.1909821E-03    0.9747456E-03    0.4440449E-02   -0.2954989E-03   -0.2167687E-03
   -0.7986973E-05   -0.6426691E-04   -0.4617316E-05    0.4193034E-02   -0.7514032E-03   -0.3102446E-03   -0.5648868E-04   -0.2026008E+01    0.1091485E+00    0.2322818E+01   -0.1228910E+02    0.3520079E+01    0.4694358E+01   -0.6162889E+00   -0.1822169E+01    0.1490426E+00    0.2644685E+01    0.1738194E+02    0.2597890E+02    0.1636386E-03    0.7085358E-05    0.3688576E-03   -0.3145664E-03    0.3955700E-03    0.1865936E-02    0.7637809E-03   -0.6848292E-03   -0.3693755E-02   -0.4752070E-03   -0.3772102E-02   -0.6249119E-02   -0.1708327E-04    0.2588556E-02
    0.3550602E-05   -0.1791630E-04   -0.1288831E-04    0.5474617E-02    0.1371643E-02    0.2117106E-03    0.6906422E-03   -0.1797116E+02    0.1129542E+00    0.2019790E+01   -0.1556454E+02    0.3600064E+01    0.4979597E+01    0.1435794E+02   -0.1426414E+01    0.2721711E+00    0.1864388E+01    0.2597890E+02    0.5470936E+02    0.3345773E-03    0.1868124E-03    0.1244180E-02   -0.1597527E-03    0.7827554E-03   -0.1713802E-02    0.1851445E-02   -0.7583269E-03   -0.6397827E-02    0.1669997E-02    0.2779915E-03   -0.9455214E-02    0.8416461E-04    0.4686196E-02
    0.2965075E-07   -0.4361573E-06    0.3510659E-07    0.6011898E-05    0.3103965E-07    0.2155475E-05    0.7681945E-06   -0.1901920E-03    0.1187127E-04    0.1274443E-03   -0.2167446E-02   -0.4765301E-03    0.1514662E-03    0.2508816E-03   -0.2037973E-03    0.9653114E-05   -0.1896191E-04    0.1636386E-03    0.3345773E-03    0.3226387E-04    0.8476299E-05    0.7694581E-06    0.3081729E-05    0.1032043E-05    0.1150686E-04   -0.7702016E-06    0.6508083E-07    0.3380381E-05   -0.4026703E-05   -0.7113231E-05    0.3410962E-05   -0.3407200E-07   -0.4102635E-07
    0.2208514E-07   -0.4057740E-06    0.2409231E-07    0.7136680E-05   -0.5487204E-06    0.2461218E-05    0.5444729E-06   -0.5768481E-03    0.1480270E-04    0.1292333E-03   -0.2625843E-02   -0.8077562E-03    0.1611551E-03    0.7509611E-03   -0.1284376E-03    0.8743747E-04    0.8675462E-06    0.7085358E-05    0.1868124E-03    0.8476299E-05    0.2458460E-04   -0.1374804E-06    0.1237436E-04    0.2633712E-05    0.3994403E-06   -0.4112569E-06    0.4715800E-06   -0.1276579E-05   -0.2695654E-05   -0.6785647E-05    0.3706590E-05   -0.6027170E-07   -0.7377706E-07
    0.6181270E-07   -0.1952157E-06    0.1297684E-07   -0.2594101E-05    0.7476862E-06    0.1163001E-05    0.7964095E-06    0.5560476E-03   -0.2253467E-04    0.1955118E-03    0.3985360E-02   -0.1894489E-02   -0.1872447E-02   -0.1499011E-02    0.2861173E-05   -0.4391534E-03    0.1434073E-03    0.3688576E-03    0.1244180E-02    0.7694581E-06   -0.1374804E-06    0.1065601E-02   -0.1063748E-05    0.1018155E-04    0.3665028E-04   -0.1694640E-05   -0.4183821E-05   -0.1856467E-04   -0.6213689E-05   -0.2227588E-04   -0.7125781E-05    0.2795564E-07    0.4344818E-06
    0.2976795E-07   -0.4501348E-06    0.2451661E-07    0.8507103E-05    0.5130128E-06    0.2619750E-05    0.1127200E-05   -0.3962429E-03    0.2699313E-04    0.8272590E-04   -0.2370275E-02   -0.6684621E-03    0.5829814E-03    0.7053937E-03   -0.1104598E-03   -0.3453694E-04    0.8118128E-04   -0.3145664E-03   -0.1597527E-03    0.3081729E-05    0.1237436E-04   -0.1063748E-05    0.4789833E-04    0.2681454E-05    0.2423279E-05    0.1567142E-05   -0.4485961E-06    0.2370588E-05   -0.3281954E-05    0.2554799E-05    0.1095910E-04   -0.6532185E-07   -0.6401885E-07
    0.9836149E-07   -0.3124235E-06   -0.7026738E-07   -0.1629392E-04   -0.2225025E-05    0.1333858E-05   -0.1419483E-06   -0.2052740E-02    0.4837593E-04    0.1442241E-03   -0.8907424E-02   -0.2129277E-02   -0.3436119E-04    0.9106169E-03    0.3768348E-03    0.1386512E-02    0.3285871E-03    0.3955700E-03    0.7827554E-03    0.1032043E-05    0.2633712E-05    0.1018155E-04    0.2681454E-05    0.2178055E-02    0.1038998E-03   -0.3302217E-05    0.1160853E-04    0.2783494E-04    0.9599724E-05   -0.9230789E-05   -0.1320441E-04    0.2480524E-07   -0.3691407E-06
    0.2166372E-06   -0.1732369E-05   -0.1819772E-06   -0.1469093E-04   -0.6159207E-05    0.3004730E-05    0.4057323E-06    0.4431845E-02   -0.1476909E-04    0.1039507E-02    0.4443852E-02    0.8523746E-02    0.7470900E-02    0.8383578E-03   -0.2826583E-02   -0.2064075E-02   -0.4559217E-03    0.1865936E-02   -0.1713802E-02    0.1150686E-04    0.3994403E-06    0.3665028E-04    0.2423279E-05    0.1038998E-03    0.1684628E-01    0.3533311E-04   -0.2277056E-04   -0.3445208E-04   -0.2927729E-04   -0.5007583E-04   -0.9281232E-04   -0.8090454E-06   -0.1180023E-06
   -0.6168868E-07    0.4311392E-06   -0.7022533E-07    0.7172145E-05    0.8457108E-08    0.3239381E-08   -0.3297266E-06   -0.8237301E-03    0.2008019E-04    0.4141261E-03    0.2351600E-02    0.9895845E-03    0.2626686E-02    0.1154922E-02   -0.6050280E-03   -0.4818825E-03   -0.8742496E-04    0.7637809E-03    0.1851445E-02   -0.7702016E-06   -0.4112569E-06   -0.1694640E-05    0.1567142E-05   -0.3302217E-05    0.3533311E-04    0.1424967E-02    0.2935910E-03    0.9982987E-04   -0.4125849E-03   -0.2603627E-03   -0.3146425E-03    0.1746378E-06    0.1650608E-06
   -0.2408504E-07    0.1521363E-06    0.1239994E-07   -0.1126316E-04   -0.1813796E-05    0.7593192E-06   -0.1092114E-05   -0.4559209E-03    0.7965751E-05   -0.4915930E-04   -0.3052040E-02   -0.4074791E-03    0.3054204E-03    0.3330913E-03   -0.2239493E-03    0.3739646E-03   -0.4801065E-03   -0.6848292E-03   -0.7583269E-03    0.6508083E-07    0.4715800E-06   -0.4183821E-05   -0.4485961E-06    0.1160853E-04   -0.2277056E-04    0.2935910E-03    0.8590355E-03    0.2624020E-04    0.7523499E-03    0.1036816E-03   -0.5574663E-03   -0.8690312E-07    0.6089500E-07
   -0.2045569E-06    0.4428858E-06   -0.1530623E-06    0.3361919E-04   -0.5031357E-05    0.9240603E-06   -0.2371282E-05    0.3302548E-02    0.1117686E-03   -0.1781361E-02   -0.1238689E-01    0.5244439E-02    0.7476303E-03   -0.1611529E-02   -0.9136090E-03    0.3039963E-03   -0.5787683E-03   -0.3693755E-02   -0.6397827E-02    0.3380381E-05   -0.1276579E-05   -0.1856467E-04    0.2370588E-05    0.2783494E-04   -0.3445208E-04    0.9982987E-04    0.2624020E-04    0.7269341E-02   -0.2551707E-03    0.1852030E-02    0.5949542E-02   -0.1789914E-06    0.3371371E-06
   -0.1473301E-06    0.7806947E-06   -0.9103620E-07   -0.1148608E-04    0.2274250E-05   -0.7269757E-06   -0.9284066E-07   -0.1061747E-02   -0.5995859E-04   -0.4400759E-03    0.3490264E-02   -0.1715877E-02    0.3550412E-04    0.3669978E-02   -0.7012315E-03    0.1895371E-03    0.1909821E-03   -0.4752070E-03    0.1669997E-02   -0.4026703E-05   -0.2695654E-05   -0.6213689E-05   -0.3281954E-05    0.9599724E-05   -0.2927729E-04   -0.4125849E-03    0.7523499E-03   -0.2551707E-03    0.3003122E-02    0.1243104E-02    0.5695338E-04    0.9631648E-07    0.3014620E-08
   -0.1262661E-05    0.4602062E-05   -0.6934998E-06   -0.6574033E-04    0.6188858E-05   -0.7009544E-05   -0.2911421E-06   -0.1244684E-01    0.1871488E-03   -0.3060123E-02   -0.6135034E-02    0.1720437E-01    0.1616234E-01    0.3304227E-01   -0.6537003E-03    0.1849907E-02    0.9747456E-03   -0.3772102E-02    0.2779915E-03   -0.7113231E-05   -0.6785647E-05   -0.2227588E-04    0.2554799E-05   -0.9230789E-05   -0.5007583E-04   -0.2603627E-03    0.1036816E-03    0.1852030E-02    0.1243104E-02    0.1610092E-01    0.1902988E-01   -0.4404810E-06   -0.1395691E-05
   -0.3055465E-05    0.1356042E-04   -0.1856455E-05   -0.8673296E-04    0.3268994E-04   -0.1536692E-04    0.6305522E-05   -0.2653822E-01    0.8339213E-03   -0.6891727E-02    0.4745756E-01    0.3741099E-01    0.2736129E-01    0.6123370E-01    0.7465219E-03    0.1218533E-02    0.4440449E-02   -0.6249119E-02   -0.9455214E-02    0.3410962E-05    0.3706590E-05   -0.7125781E-05    0.1095910E-04   -0.1320441E-04   -0.9281232E-04   -0.3146425E-03   -0.5574663E-03    0.5949542E-02    0.5695338E-04    0.1902988E-01    0.7853449E-01   -0.1004461E-05   -0.9000388E-05
    0.3871589E-08   -0.1826774E-08    0.9564887E-09    0.6689113E-07    0.2227078E-06   -0.1432238E-06   -0.6540644E-09   -0.2788358E-03    0.9152959E-05    0.1709524E-03    0.6222571E-02    0.8032390E-04    0.7225843E-03    0.6820687E-03   -0.1031261E-03    0.3025540E-03   -0.2954989E-03   -0.1708327E-04    0.8416461E-04   -0.3407200E-07   -0.6027170E-07    0.2795564E-07   -0.6532185E-07    0.2480524E-07   -0.8090454E-06    0.1746378E-06   -0.8690312E-07   -0.1789914E-06    0.9631648E-07   -0.4404810E-06   -0.1004461E-05    0.6032044E-06    0.1520208E-08
   -0.4234224E-08   -0.1983628E-08    0.4988154E-09    0.1306000E-05   -0.1657124E-06   -0.3470946E-06   -0.5095166E-07    0.4254696E-02   -0.1737357E-04   -0.3202839E-03    0.3883964E-02    0.8862607E-06   -0.2560257E-02   -0.7545205E-02    0.1060768E-03   -0.2162026E-04   -0.2167687E-03    0.2588556E-02    0.4686196E-02   -0.4102635E-07   -0.7377706E-07    0.4344818E-06   -0.6401885E-07   -0.3691407E-06   -0.1180023E-06    0.1650608E-06    0.6089500E-07    0.3371371E-06    0.3014620E-08   -0.1395691E-05   -0.9000388E-05    0.1520208E-08    0.2107002E-05
