# omegabh2 omegach2 theta mnu logA ns calPlanck ampia redzia lumia a1phot a2phot a3phot a4phot a5phot a6phot a7phot meadnuis2 alpha_SZ ystar_SZ bias_SZ scatter_SZ acib217 xi asz143 aps100 aps143 aps143217 aps217 aksz kgal100 kgal143 kgal143217 kgal217 galfEE100 galfEE100143 galfEE100217 galfEE143 galfEE143217 galfEE217 galfTE100 galfTE100143 galfTE100217 galfTE143 galfTE143217 galfTE217 cal0 cal2
    0.1827440E-07   -0.3894721E-07    0.6223606E-08   -0.4856382E-06    0.7255710E-07    0.1354734E-06    0.4613685E-07    0.2106686E-03   -0.7268480E-04   -0.7469989E-04   -0.1803268E-06   -0.5425528E-06   -0.2381855E-06   -0.1839728E-06    0.5534351E-06   -0.9223147E-06    0.7762730E-07   -0.2867767E-05   -0.5271793E-06    0.1126529E-06    0.7421902E-06    0.4880826E-07   -0.7302902E-04    0.2501841E-05    0.2073487E-04   -0.2521566E-03   -0.1712020E-03   -0.1100637E-04    0.2621256E-04   -0.3272029E-04   -0.1689178E-05   -0.2892220E-05   -0.1342603E-04    0.5610035E-05    0.3796585E-07    0.2667793E-07    0.1327100E-06    0.3989419E-07    0.2617542E-06    0.4466579E-06    0.5270671E-07   -0.5143477E-07   -0.5132724E-06   -0.2763528E-06   -0.1499306E-05   -0.2891416E-05    0.4255164E-08   -0.4721809E-08
   -0.3894721E-07    0.6592507E-06   -0.8130229E-08   -0.3522703E-05    0.1051859E-05   -0.1476956E-05   -0.2713635E-06   -0.1438634E-02    0.3238437E-03    0.2426229E-03   -0.2549595E-05    0.3027536E-05   -0.1055391E-05    0.2548163E-06   -0.4772886E-05    0.5301448E-05   -0.4246773E-06    0.1466325E-04    0.3458050E-05   -0.1163707E-05   -0.1345707E-04   -0.1258615E-06    0.2255398E-03   -0.3653101E-05   -0.3343532E-04   -0.2404449E-03    0.3227632E-03    0.9929845E-04   -0.1769400E-03   -0.5144983E-05    0.1016789E-05   -0.8377895E-05   -0.6179081E-05   -0.1106949E-03   -0.2495063E-06   -0.1512547E-06   -0.7423773E-07   -0.2690812E-06   -0.4238762E-06    0.1399560E-05   -0.3788176E-06    0.1264022E-06    0.2009343E-05    0.7018093E-06    0.1820714E-05    0.4811279E-05   -0.2639558E-07    0.2790176E-07
    0.6223606E-08   -0.8130229E-08    0.8602781E-07   -0.2802469E-05    0.1880167E-06    0.8749913E-07    0.5730496E-07    0.5614915E-03    0.1582166E-03   -0.1495511E-03   -0.8436527E-06   -0.6823318E-06    0.6975970E-06   -0.5377850E-06   -0.5542089E-06   -0.2091496E-05   -0.1051004E-05    0.9790748E-05   -0.1145769E-05   -0.8481723E-07   -0.1114123E-06    0.1016241E-07    0.1286425E-03   -0.1937913E-05   -0.8574862E-06    0.1336922E-03    0.7948020E-04    0.1048661E-04   -0.8922425E-04   -0.6742303E-05   -0.7469477E-05    0.5431944E-05   -0.1305592E-04   -0.7621072E-04    0.5579069E-08    0.1031518E-07   -0.2363677E-06    0.1964132E-07   -0.5063879E-06   -0.7368322E-06    0.4208724E-07    0.4243036E-07    0.1388806E-06   -0.4949233E-06   -0.9535330E-06   -0.6940217E-06   -0.1918151E-08    0.1080845E-07
   -0.4856382E-06   -0.3522703E-05   -0.2802469E-05    0.2771622E-02    0.1863447E-04   -0.1715526E-04    0.2125246E-04   -0.8641201E-02   -0.5820653E-01    0.4682163E-01    0.3179789E-03   -0.4125494E-03   -0.1030594E-03    0.6069650E-04    0.2653548E-03    0.8248585E-04   -0.1858658E-03   -0.4690322E-02    0.6117454E-03    0.3321845E-04    0.6476952E-03   -0.5292985E-05    0.6476454E-02   -0.1734411E-03   -0.1370347E-03   -0.1527382E-01    0.7936768E-02    0.3516835E-02    0.8152501E-02    0.2386465E-02    0.6920692E-03    0.2345280E-02    0.9865903E-02    0.1936143E-01   -0.6179680E-06    0.1536723E-06    0.8576953E-04    0.8446367E-05    0.2323677E-05    0.3258840E-04   -0.5199859E-06    0.1002069E-04    0.4290226E-04    0.6907787E-04    0.2856668E-03    0.3733653E-03   -0.1888894E-05    0.3489986E-05
    0.7255710E-07    0.1051859E-05    0.1880167E-06    0.1863447E-04    0.2977415E-04   -0.3429873E-05    0.1213642E-04   -0.2742187E-02   -0.2075979E-02   -0.1391113E-02   -0.2301454E-05    0.1889395E-04    0.7727335E-06   -0.3440464E-05   -0.1621024E-04   -0.2250182E-04   -0.2211023E-05    0.4860688E-04    0.2125228E-05   -0.2372632E-05   -0.3938274E-04   -0.4007779E-06   -0.6077723E-03    0.1261753E-03    0.8683029E-04    0.2029357E-02    0.2484212E-02    0.5793327E-02    0.7078557E-02   -0.6802367E-03   -0.1785822E-03   -0.2836621E-03   -0.8013715E-03    0.8186357E-03    0.2752735E-06   -0.1234325E-06    0.1121021E-05    0.1576133E-05   -0.2131674E-05    0.1904019E-04   -0.1194741E-05    0.1975151E-05   -0.1018729E-05   -0.4684318E-06    0.5684574E-05    0.8143143E-05    0.1201375E-06   -0.1982295E-06
    0.1354734E-06   -0.1476956E-05    0.8749913E-07   -0.1715526E-04   -0.3429873E-05    0.1312933E-04    0.6907044E-06    0.9582926E-02    0.1958595E-02   -0.8229562E-02    0.6910864E-05   -0.1926135E-05    0.5673110E-05   -0.5229961E-05    0.2355040E-04   -0.1823277E-04   -0.1254005E-04    0.3508738E-04   -0.8554444E-05    0.2322312E-05    0.2236136E-04    0.4721512E-06   -0.6146893E-02    0.1582094E-03    0.1001878E-02   -0.2130836E-01   -0.4593392E-02    0.4545705E-02    0.8080168E-02   -0.2240911E-02    0.2588550E-03   -0.2183976E-03   -0.3033582E-03    0.1374818E-02    0.2173755E-05    0.2270602E-05    0.2283721E-05    0.2888698E-05    0.6159788E-05   -0.3495199E-05    0.3023180E-05    0.9454127E-06   -0.5328653E-05   -0.2850649E-05   -0.6698858E-05    0.4526912E-05   -0.2142815E-07   -0.5776065E-06
    0.4613685E-07   -0.2713635E-06    0.5730496E-07    0.2125246E-04    0.1213642E-04    0.6907044E-06    0.6375019E-05    0.8657488E-03   -0.2624125E-02   -0.1306256E-02    0.5298572E-05    0.5673453E-05    0.3456214E-05   -0.8079839E-06   -0.1177720E-05   -0.1697988E-04   -0.3642157E-06    0.2005949E-04    0.7907750E-06    0.2199510E-06   -0.1145780E-05   -0.1465042E-06    0.3024221E-03    0.3971161E-04    0.9613830E-04    0.2291386E-02    0.5316531E-03    0.1622511E-02    0.2052053E-02    0.2403856E-05    0.2321495E-04    0.8845897E-04   -0.8689579E-04    0.6245347E-03    0.5704572E-06    0.2995822E-06    0.7459533E-06    0.1339585E-05   -0.2010114E-06    0.8863389E-05    0.1803566E-07    0.9727282E-06   -0.1886775E-05    0.1383472E-06    0.3312246E-05    0.3020175E-05   -0.1207128E-07   -0.8164684E-07
    0.2106686E-03   -0.1438634E-02    0.5614915E-03   -0.8641201E-02   -0.2742187E-02    0.9582926E-02    0.8657488E-03    0.5020782E+03    0.1189835E+03    0.1209884E+02    0.3646448E-01   -0.2200991E-01   -0.4597915E-01    0.1193504E+00   -0.7721268E-01   -0.1192555E+00    0.4734698E-01   -0.4648520E+00   -0.7707163E-02    0.3222071E-02    0.3016754E-01    0.5338534E-02   -0.3658430E+01    0.2043810E+00    0.6229184E+00   -0.1410729E+02   -0.2651602E+00    0.6111370E+01    0.5471571E+01   -0.1560627E+01   -0.1281664E+01    0.1519584E+01    0.2058531E+01    0.2671783E+01   -0.9131807E-03    0.2107604E-02   -0.1976527E-01    0.6568564E-02   -0.6694901E-02    0.4608731E-01    0.2174268E-01    0.1149074E-01   -0.7331215E-02   -0.4314099E-02   -0.3518702E-01   -0.1106805E+00   -0.9067874E-03   -0.1647873E-03
   -0.7268480E-04    0.3238437E-03    0.1582166E-03   -0.5820653E-01   -0.2075979E-02    0.1958595E-02   -0.2624125E-02    0.1189835E+03    0.3434691E+03   -0.4257809E+02    0.7601392E-01    0.3775516E-01   -0.3324616E-02    0.3472862E-01    0.4630328E-01   -0.1148656E+00   -0.1051023E+00   -0.1222442E+01   -0.2066012E-01    0.1032738E-02   -0.2306431E-01    0.2078093E-02   -0.3918101E+01    0.2174979E+00    0.3265646E+00   -0.6360101E+01    0.1477738E+01    0.5744596E+01    0.5124699E+01   -0.1327534E+01   -0.8851494E+00    0.2951372E+00    0.1612194E+01    0.2672865E+01   -0.1868937E-02   -0.3960402E-03   -0.9745535E-02   -0.1792445E-02   -0.7856548E-03    0.1597839E-01    0.3427877E-01    0.1165165E-01   -0.9058343E-02   -0.9460582E-02   -0.8846820E-02   -0.1090168E+00   -0.3359023E-04    0.2108644E-04
   -0.7469989E-04    0.2426229E-03   -0.1495511E-03    0.4682163E-01   -0.1391113E-02   -0.8229562E-02   -0.1306256E-02    0.1209884E+02   -0.4257809E+02    0.1981054E+03    0.6251444E-02    0.6130832E-02    0.2929288E-01   -0.6623838E-02    0.4911124E-01    0.1221635E+00    0.9155717E-01   -0.3749811E+00    0.3459327E-02    0.7950069E-02   -0.2383862E-02    0.1091826E-02    0.5238315E+01    0.5258167E-02   -0.8189712E+00    0.1151768E+02    0.4458531E+01   -0.8123778E+00   -0.6408221E+01    0.1893375E+01   -0.1354970E+01   -0.2578562E+00    0.7455801E+00    0.1136727E+00   -0.6090795E-03   -0.1320361E-02   -0.2406207E-02    0.2243429E-03    0.3703431E-02    0.5981745E-01   -0.4424412E-02   -0.3025370E-02    0.2638896E-01    0.1060677E-01    0.2346957E-01    0.5383832E-01   -0.1458333E-04    0.1019910E-02
   -0.1803268E-06   -0.2549595E-05   -0.8436527E-06    0.3179789E-03   -0.2301454E-05    0.6910864E-05    0.5298572E-05    0.3646448E-01    0.7601392E-01    0.6251444E-02    0.3221043E-02    0.1401080E-03   -0.1135335E-03    0.5536703E-04   -0.4481605E-04    0.3200770E-04   -0.3299420E-04    0.6406243E-03    0.7563734E-04    0.8717857E-04    0.3903278E-04    0.7233369E-05   -0.1829031E-02    0.1374383E-03    0.2801530E-02   -0.7669302E-01   -0.6676569E-02    0.8493277E-02    0.2060683E-02    0.1358250E-02   -0.3585472E-03    0.4277443E-03    0.1547335E-02    0.4928024E-02   -0.1086263E-05   -0.4010898E-05   -0.1164767E-04    0.3763191E-05   -0.3524079E-04   -0.1476836E-03    0.7877576E-04    0.1209097E-04    0.5841754E-04   -0.2554722E-04    0.1914551E-04   -0.1219953E-03   -0.9185210E-06    0.5809916E-06
   -0.5425528E-06    0.3027536E-05   -0.6823318E-06   -0.4125494E-03    0.1889395E-04   -0.1926135E-05    0.5673453E-05   -0.2200991E-01    0.3775516E-01    0.6130832E-02    0.1401080E-03    0.2881149E-02    0.1973056E-03    0.3124743E-03   -0.1003285E-03    0.3622641E-03    0.2777459E-03    0.1305131E-02   -0.9622320E-04   -0.6767845E-05   -0.1837299E-03    0.6648397E-05    0.6896576E-02    0.3069255E-03   -0.4230840E-02    0.5071861E-01    0.4642372E-02   -0.9115047E-02   -0.1620605E-01    0.2939398E-02   -0.9264630E-03    0.7205082E-03   -0.1417846E-02   -0.7528171E-02   -0.7645022E-05   -0.1020322E-05    0.2242886E-06   -0.3200185E-05    0.2049186E-04   -0.2385020E-05   -0.4712982E-04   -0.9772587E-05   -0.6014614E-04   -0.1097278E-04    0.4874595E-04    0.1296169E-04   -0.1531856E-06   -0.1011311E-05
   -0.2381855E-06   -0.1055391E-05    0.6975970E-06   -0.1030594E-03    0.7727335E-06    0.5673110E-05    0.3456214E-05   -0.4597915E-01   -0.3324616E-02    0.2929288E-01   -0.1135335E-03    0.1973056E-03    0.1689692E-02    0.2219262E-04   -0.1027587E-03   -0.3036853E-03    0.1983396E-03   -0.3818310E-03   -0.1219886E-04   -0.1869315E-04    0.3799381E-05    0.4130577E-05    0.1108079E-01   -0.3023298E-03    0.3180727E-02   -0.1772790E-01    0.2166381E-02    0.1020019E-01    0.2761231E-02   -0.3452520E-02    0.1369091E-02   -0.1446600E-02   -0.1080676E-02   -0.5461056E-02   -0.4181395E-05   -0.3388859E-05    0.9118682E-05    0.5623327E-05   -0.1932841E-04   -0.9761144E-04    0.3722796E-05   -0.6405705E-05    0.1396381E-03    0.1873925E-04    0.6575751E-04    0.3830042E-05   -0.4840949E-06    0.9192614E-06
   -0.1839728E-06    0.2548163E-06   -0.5377850E-06    0.6069650E-04   -0.3440464E-05   -0.5229961E-05   -0.8079839E-06    0.1193504E+00    0.3472862E-01   -0.6623838E-02    0.5536703E-04    0.3124743E-03    0.2219262E-04    0.2178457E-02    0.9301686E-04    0.2483415E-03    0.6498055E-04   -0.1851169E-03    0.5400845E-04    0.2202244E-04   -0.1367072E-04    0.9941941E-05    0.8125440E-02   -0.6570055E-03    0.1180607E-03    0.8236097E-02   -0.4703518E-02   -0.1300237E-01   -0.8266360E-02    0.3405258E-03    0.2169992E-03    0.2148865E-02    0.5661304E-02    0.5055013E-02    0.1768903E-07    0.2495621E-05    0.7025425E-05    0.5384566E-05    0.6614254E-04   -0.2561952E-04   -0.5855747E-04    0.1673078E-04    0.1809864E-04    0.5843404E-05    0.1106464E-03    0.2297647E-03   -0.1186265E-05    0.1365330E-05
    0.5534351E-06   -0.4772886E-05   -0.5542089E-06    0.2653548E-03   -0.1621024E-04    0.2355040E-04   -0.1177720E-05   -0.7721268E-01    0.4630328E-01    0.4911124E-01   -0.4481605E-04   -0.1003285E-03   -0.1027587E-03    0.9301686E-04    0.3025532E-02    0.7107992E-04   -0.1009171E-03   -0.1139118E-02    0.5420914E-04    0.2413732E-04    0.1304643E-03    0.3274734E-05   -0.1156091E-01    0.6246756E-03    0.1824513E-02   -0.1713724E-01   -0.1869279E-02    0.1732133E-01    0.1698412E-01   -0.4695077E-02   -0.3871783E-02   -0.2481641E-02    0.3637242E-02    0.8685252E-02    0.5728600E-05    0.3130581E-05    0.5124056E-04   -0.3542900E-05    0.5936588E-04    0.2863615E-03    0.5335575E-05    0.2473953E-04   -0.8923442E-04    0.2953119E-04   -0.1984705E-04   -0.4602424E-03    0.3196533E-06   -0.8654973E-06
   -0.9223147E-06    0.5301448E-05   -0.2091496E-05    0.8248585E-04   -0.2250182E-04   -0.1823277E-04   -0.1697988E-04   -0.1192555E+00   -0.1148656E+00    0.1221635E+00    0.3200770E-04    0.3622641E-03   -0.3036853E-03    0.2483415E-03    0.7107992E-04    0.2958821E-02   -0.2630521E-03   -0.4794785E-03    0.5740432E-04   -0.9926588E-05   -0.7852718E-04    0.1232877E-04   -0.6839702E-03   -0.8401187E-04   -0.2561244E-02    0.2403444E-01    0.3995523E-02   -0.9353029E-02   -0.4759759E-02    0.1232249E-02    0.2291819E-02    0.2457650E-03   -0.2179324E-02   -0.5981409E-02   -0.1083807E-04   -0.4821556E-05    0.1768996E-04   -0.1204716E-04   -0.4046113E-04    0.6736078E-04   -0.4414038E-04    0.1647838E-04    0.4341567E-04    0.7640859E-04    0.3358823E-04   -0.2925821E-04    0.4769113E-06   -0.1581711E-05
    0.7762730E-07   -0.4246773E-06   -0.1051004E-05   -0.1858658E-03   -0.2211023E-05   -0.1254005E-04   -0.3642157E-06    0.4734698E-01   -0.1051023E+00    0.9155717E-01   -0.3299420E-04    0.2777459E-03    0.1983396E-03    0.6498055E-04   -0.1009171E-03   -0.2630521E-03    0.3401820E-02    0.2369826E-02   -0.5780109E-04    0.9400540E-05   -0.4392929E-04   -0.5183775E-05    0.2980415E-01   -0.5016777E-03   -0.6283386E-02    0.7197024E-01    0.5677453E-02   -0.3578210E-01   -0.6033212E-01    0.7446524E-02    0.2298057E-02   -0.3817456E-02   -0.3446000E-02   -0.9730996E-02   -0.1311867E-04   -0.1251585E-04   -0.2207285E-04   -0.7436281E-05    0.4815674E-04    0.2818671E-04   -0.3335289E-04   -0.1709796E-04   -0.4475824E-04    0.3124438E-04   -0.6833194E-04    0.3327633E-03    0.1001013E-06    0.2194989E-05
   -0.2867767E-05    0.1466325E-04    0.9790748E-05   -0.4690322E-02    0.4860688E-04    0.3508738E-04    0.2005949E-04   -0.4648520E+00   -0.1222442E+01   -0.3749811E+00    0.6406243E-03    0.1305131E-02   -0.3818310E-03   -0.1851169E-03   -0.1139118E-02   -0.4794785E-03    0.2369826E-02    0.1804669E+00   -0.7330770E-03   -0.1484913E-03   -0.1259040E-02    0.1822395E-03   -0.3061745E-01    0.5066894E-03   -0.9866261E-02    0.8535235E-01    0.3020887E-01   -0.6989873E-02    0.4535868E-01    0.2198436E-01    0.2475770E-02    0.8814195E-02   -0.2260218E-01   -0.5391077E-01    0.1488591E-04    0.7786585E-05   -0.1020265E-03    0.4678890E-04   -0.1077789E-03    0.2553277E-03   -0.7829513E-03   -0.2241099E-03   -0.6350448E-03   -0.3730306E-03   -0.6663823E-03   -0.1081133E-02   -0.3812080E-05   -0.1875623E-04
   -0.5271793E-06    0.3458050E-05   -0.1145769E-05    0.6117454E-03    0.2125228E-05   -0.8554444E-05    0.7907750E-06   -0.7707163E-02   -0.2066012E-01    0.3459327E-02    0.7563734E-04   -0.9622320E-04   -0.1219886E-04    0.5400845E-04    0.5420914E-04    0.5740432E-04   -0.5780109E-04   -0.7330770E-03    0.2324522E-02    0.8619765E-04    0.2843202E-03    0.3323752E-05    0.8807079E-02   -0.3169397E-03   -0.2927483E-03   -0.1260100E-01    0.4217689E-03   -0.4513678E-02   -0.6222831E-02   -0.4806492E-03    0.1486493E-02    0.1192936E-02    0.3121224E-02    0.5063858E-02   -0.8262411E-05   -0.1642046E-05    0.6551048E-05   -0.9530851E-06    0.2640439E-04    0.1190568E-03   -0.4365823E-05   -0.1710640E-04    0.1337995E-03   -0.4223181E-04    0.2556061E-04    0.1397970E-03   -0.7600719E-06    0.2614678E-05
    0.1126529E-06   -0.1163707E-05   -0.8481723E-07    0.3321845E-04   -0.2372632E-05    0.2322312E-05    0.2199510E-06    0.3222071E-02    0.1032738E-02    0.7950069E-02    0.8717857E-04   -0.6767845E-05   -0.1869315E-04    0.2202244E-04    0.2413732E-04   -0.9926588E-05    0.9400540E-05   -0.1484913E-03    0.8619765E-04    0.4221309E-03   -0.3534268E-03   -0.7353974E-07   -0.7756262E-03   -0.4359929E-04    0.6976075E-03    0.4720001E-02    0.9184618E-03    0.1743366E-02    0.1781211E-02   -0.1182576E-02   -0.1036246E-02    0.2922971E-03    0.2304476E-02    0.1989848E-02    0.2518545E-05    0.1779680E-05   -0.1376266E-04    0.2880166E-05   -0.1077990E-04    0.2006920E-04    0.4986999E-05    0.1285551E-04    0.6326385E-04   -0.1824930E-04    0.1691014E-04    0.7515257E-04    0.2218640E-06   -0.1629986E-06
    0.7421902E-06   -0.1345707E-04   -0.1114123E-06    0.6476952E-03   -0.3938274E-04    0.2236136E-04   -0.1145780E-05    0.3016754E-01   -0.2306431E-01   -0.2383862E-02    0.3903278E-04   -0.1837299E-03    0.3799381E-05   -0.1367072E-04    0.1304643E-03   -0.7852718E-04   -0.4392929E-04   -0.1259040E-02    0.2843202E-03   -0.3534268E-03    0.8943017E-03   -0.4168217E-05    0.2734722E-02   -0.1992644E-03   -0.5002433E-03    0.3513145E-02   -0.9089850E-02   -0.1393454E-01   -0.9732989E-02    0.2573205E-02    0.1502230E-02    0.1359699E-02    0.1330126E-02    0.3194015E-02    0.1939491E-05    0.1489673E-05    0.2234485E-04    0.3242689E-05    0.1555202E-04   -0.1991458E-04   -0.4823579E-06   -0.1951445E-04   -0.7291741E-04   -0.7196273E-05   -0.1540221E-04   -0.1298245E-03   -0.3760944E-06    0.1175518E-05
    0.4880826E-07   -0.1258615E-06    0.1016241E-07   -0.5292985E-05   -0.4007779E-06    0.4721512E-06   -0.1465042E-06    0.5338534E-02    0.2078093E-02    0.1091826E-02    0.7233369E-05    0.6648397E-05    0.4130577E-05    0.9941941E-05    0.3274734E-05    0.1232877E-04   -0.5183775E-05    0.1822395E-03    0.3323752E-05   -0.7353974E-07   -0.4168217E-05    0.1037115E-03   -0.1012141E-02   -0.2685893E-04    0.3309344E-03   -0.8098839E-03   -0.7391919E-03    0.9604632E-03    0.2748076E-02   -0.4307457E-03    0.3842846E-03    0.1483954E-03    0.6953670E-03    0.1327838E-02   -0.3825386E-06   -0.8949770E-06    0.5192227E-05   -0.4065401E-06    0.6922602E-05    0.3652902E-04    0.3743030E-05    0.3452006E-05    0.1319843E-05   -0.1565605E-05   -0.2851304E-04   -0.5034711E-04    0.7642726E-07    0.7540278E-07
   -0.7302902E-04    0.2255398E-03    0.1286425E-03    0.6476454E-02   -0.6077723E-03   -0.6146893E-02    0.3024221E-03   -0.3658430E+01   -0.3918101E+01    0.5238315E+01   -0.1829031E-02    0.6896576E-02    0.1108079E-01    0.8125440E-02   -0.1156091E-01   -0.6839702E-03    0.2980415E-01   -0.3061745E-01    0.8807079E-02   -0.7756262E-03    0.2734722E-02   -0.1012141E-02    0.4630643E+02   -0.5964359E+00   -0.1964606E+01    0.4479461E+02   -0.1010505E+01   -0.2620274E+02   -0.6640389E+02    0.7952684E+00    0.1379974E+00   -0.1383167E+00   -0.1955633E+01   -0.1944356E+02   -0.1459496E-02   -0.1310360E-02   -0.1634205E-02   -0.1751003E-02   -0.1213542E-01    0.1972141E-01    0.3891894E-02    0.4421928E-02    0.5337237E-02    0.2193395E-02   -0.7089704E-02   -0.4594518E-01   -0.4730779E-03    0.4749456E-02
    0.2501841E-05   -0.3653101E-05   -0.1937913E-05   -0.1734411E-03    0.1261753E-03    0.1582094E-03    0.3971161E-04    0.2043810E+00    0.2174979E+00    0.5258167E-02    0.1374383E-03    0.3069255E-03   -0.3023298E-03   -0.6570055E-03    0.6246756E-03   -0.8401187E-04   -0.5016777E-03    0.5066894E-03   -0.3169397E-03   -0.4359929E-04   -0.1992644E-03   -0.2685893E-04   -0.5964359E+00    0.8088804E-01   -0.7010309E-01   -0.5908008E+00    0.9985061E+00    0.1930333E+01    0.9213990E+00    0.7422159E-01   -0.4606605E-02    0.9939246E-02    0.8881703E-01    0.1142772E+00    0.3946742E-04    0.1345137E-04   -0.2098042E-03    0.3144334E-04    0.3378238E-03   -0.1019544E-02   -0.2938921E-05    0.7438805E-04    0.1200172E-03   -0.1491515E-03    0.2383452E-05    0.8189414E-04    0.8563158E-05   -0.3243888E-04
    0.2073487E-04   -0.3343532E-04   -0.8574862E-06   -0.1370347E-03    0.8683029E-04    0.1001878E-02    0.9613830E-04    0.6229184E+00    0.3265646E+00   -0.8189712E+00    0.2801530E-02   -0.4230840E-02    0.3180727E-02    0.1180607E-03    0.1824513E-02   -0.2561244E-02   -0.6283386E-02   -0.9866261E-02   -0.2927483E-03    0.6976075E-03   -0.5002433E-03    0.3309344E-03   -0.1964606E+01   -0.7010309E-01    0.3776057E+01   -0.2874172E+02   -0.3448711E+01    0.8011943E+01    0.7501471E+01   -0.2677033E+01   -0.1549695E+00    0.1018330E+00    0.2545699E+01    0.2517368E+01    0.1573440E-03    0.8383636E-04    0.8594904E-03   -0.7227715E-04    0.7519849E-03   -0.2241665E-02    0.4078214E-03   -0.3503344E-03    0.2979057E-02    0.6901817E-03   -0.2165681E-02   -0.7448149E-04    0.2185150E-03   -0.3754150E-03
   -0.2521566E-03   -0.2404449E-03    0.1336922E-03   -0.1527382E-01    0.2029357E-02   -0.2130836E-01    0.2291386E-02   -0.1410729E+02   -0.6360101E+01    0.1151768E+02   -0.7669302E-01    0.5071861E-01   -0.1772790E-01    0.8236097E-02   -0.1713724E-01    0.2403444E-01    0.7197024E-01    0.8535235E-01   -0.1260100E-01    0.4720001E-02    0.3513145E-02   -0.8098839E-03    0.4479461E+02   -0.5908008E+00   -0.2874172E+02    0.7615995E+03    0.5705696E+02   -0.6968743E+02   -0.8137423E+02    0.1369810E+02   -0.3690061E+01    0.1945239E+01   -0.1375237E+02   -0.2112437E+02   -0.8064461E-03   -0.9683419E-03    0.4379284E-02   -0.3246529E-03   -0.3463422E-01    0.1181033E+00   -0.1581800E-01   -0.1678719E-01   -0.8339126E-01   -0.2990935E-01   -0.1084711E-01   -0.2225558E-01    0.6279400E-02    0.4058665E-02
   -0.1712020E-03    0.3227632E-03    0.7948020E-04    0.7936768E-02    0.2484212E-02   -0.4593392E-02    0.5316531E-03   -0.2651602E+00    0.1477738E+01    0.4458531E+01   -0.6676569E-02    0.4642372E-02    0.2166381E-02   -0.4703518E-02   -0.1869279E-02    0.3995523E-02    0.5677453E-02    0.3020887E-01    0.4217689E-03    0.9184618E-03   -0.9089850E-02   -0.7391919E-03   -0.1010505E+01    0.9985061E+00   -0.3448711E+01    0.5705696E+02    0.5822951E+02    0.4399425E+02    0.1920783E+02   -0.4796502E+01   -0.1720485E+00   -0.1274774E+01    0.3336267E+01    0.2892234E+01   -0.7162001E-03   -0.5486821E-03   -0.3602491E-02    0.5085361E-03   -0.1209951E-01   -0.1608319E-01   -0.4686715E-02   -0.1520921E-02   -0.3147752E-02   -0.7838096E-02    0.1637238E-01    0.1001281E+00   -0.4285673E-04   -0.9076875E-04
   -0.1100637E-04    0.9929845E-04    0.1048661E-04    0.3516835E-02    0.5793327E-02    0.4545705E-02    0.1622511E-02    0.6111370E+01    0.5744596E+01   -0.8123778E+00    0.8493277E-02   -0.9115047E-02    0.1020019E-01   -0.1300237E-01    0.1732133E-01   -0.9353029E-02   -0.3578210E-01   -0.6989873E-02   -0.4513678E-02    0.1743366E-02   -0.1393454E-01    0.9604632E-03   -0.2620274E+02    0.1930333E+01    0.8011943E+01   -0.6968743E+02    0.4399425E+02    0.1007529E+03    0.7413985E+02   -0.1175638E+02   -0.5414580E+00   -0.2304352E+00    0.5100947E+01    0.6946280E+01    0.1091981E-02    0.5943465E-03   -0.2331201E-02    0.2044657E-02    0.2962223E-02   -0.4298718E-01   -0.2486165E-02   -0.2357593E-02    0.1285398E-01   -0.5840919E-02    0.1384945E-01    0.6684700E-01    0.7827891E-03   -0.3157163E-02
    0.2621256E-04   -0.1769400E-03   -0.8922425E-04    0.8152501E-02    0.7078557E-02    0.8080168E-02    0.2052053E-02    0.5471571E+01    0.5124699E+01   -0.6408221E+01    0.2060683E-02   -0.1620605E-01    0.2761231E-02   -0.8266360E-02    0.1698412E-01   -0.4759759E-02   -0.6033212E-01    0.4535868E-01   -0.6222831E-02    0.1781211E-02   -0.9732989E-02    0.2748076E-02   -0.6640389E+02    0.9213990E+00    0.7501471E+01   -0.8137423E+02    0.1920783E+02    0.7413985E+02    0.1307815E+03   -0.1077557E+02   -0.4292275E+00    0.1624430E-01    0.7181530E-01    0.1729078E+02    0.2197774E-02    0.1880593E-02    0.3062171E-02    0.3512584E-02    0.7547072E-02   -0.3611882E-01   -0.5225460E-02   -0.7314529E-02    0.7697467E-02   -0.6327730E-02    0.3457028E-01    0.1238139E+00    0.9077405E-03   -0.8360681E-02
   -0.3272029E-04   -0.5144983E-05   -0.6742303E-05    0.2386465E-02   -0.6802367E-03   -0.2240911E-02    0.2403856E-05   -0.1560627E+01   -0.1327534E+01    0.1893375E+01    0.1358250E-02    0.2939398E-02   -0.3452520E-02    0.3405258E-03   -0.4695077E-02    0.1232249E-02    0.7446524E-02    0.2198436E-01   -0.4806492E-03   -0.1182576E-02    0.2573205E-02   -0.4307457E-03    0.7952684E+00    0.7422159E-01   -0.2677033E+01    0.1369810E+02   -0.4796502E+01   -0.1175638E+02   -0.1077557E+02    0.5846107E+01   -0.1005764E-01   -0.4902342E-01   -0.2144566E+01   -0.2088722E+01   -0.2710284E-03   -0.4345623E-03   -0.2044445E-02   -0.5623719E-03    0.1718842E-02    0.4768439E-03   -0.4009537E-03    0.1373030E-03   -0.5426027E-03    0.7050978E-03   -0.2588734E-02   -0.2274935E-01   -0.1337118E-03    0.2111276E-03
   -0.1689178E-05    0.1016789E-05   -0.7469477E-05    0.6920692E-03   -0.1785822E-03    0.2588550E-03    0.2321495E-04   -0.1281664E+01   -0.8851494E+00   -0.1354970E+01   -0.3585472E-03   -0.9264630E-03    0.1369091E-02    0.2169992E-03   -0.3871783E-02    0.2291819E-02    0.2298057E-02    0.2475770E-02    0.1486493E-02   -0.1036246E-02    0.1502230E-02    0.3842846E-03    0.1379974E+00   -0.4606605E-02   -0.1549695E+00   -0.3690061E+01   -0.1720485E+00   -0.5414580E+00   -0.4292275E+00   -0.1005764E-01    0.3478764E+01    0.4244707E+00    0.4255814E-01    0.2662298E-01   -0.1130426E-03   -0.2140489E-03   -0.1134924E-02    0.1035395E-03   -0.3564006E-04    0.2751050E-03   -0.7181935E-03    0.4673619E-04    0.4038070E-02    0.7526292E-03   -0.3701072E-04   -0.4798029E-02    0.3185362E-03   -0.2649017E-04
   -0.2892220E-05   -0.8377895E-05    0.5431944E-05    0.2345280E-02   -0.2836621E-03   -0.2183976E-03    0.8845897E-04    0.1519584E+01    0.2951372E+00   -0.2578562E+00    0.4277443E-03    0.7205082E-03   -0.1446600E-02    0.2148865E-02   -0.2481641E-02    0.2457650E-03   -0.3817456E-02    0.8814195E-02    0.1192936E-02    0.2922971E-03    0.1359699E-02    0.1483954E-03   -0.1383167E+00    0.9939246E-02    0.1018330E+00    0.1945239E+01   -0.1274774E+01   -0.2304352E+00    0.1624430E-01   -0.4902342E-01    0.4244707E+00    0.3414365E+01    0.2692492E+01    0.1892176E+01   -0.2340243E-03   -0.2218758E-03   -0.1023772E-02   -0.8602036E-04   -0.6718415E-03   -0.2272029E-02    0.6079261E-03   -0.3997713E-03    0.1970354E-03   -0.1946025E-02   -0.4533592E-02   -0.8862725E-02   -0.2878274E-03   -0.2151177E-03
   -0.1342603E-04   -0.6179081E-05   -0.1305592E-04    0.9865903E-02   -0.8013715E-03   -0.3033582E-03   -0.8689579E-04    0.2058531E+01    0.1612194E+01    0.7455801E+00    0.1547335E-02   -0.1417846E-02   -0.1080676E-02    0.5661304E-02    0.3637242E-02   -0.2179324E-02   -0.3446000E-02   -0.2260218E-01    0.3121224E-02    0.2304476E-02    0.1330126E-02    0.6953670E-03   -0.1955633E+01    0.8881703E-01    0.2545699E+01   -0.1375237E+02    0.3336267E+01    0.5100947E+01    0.7181530E-01   -0.2144566E+01    0.4255814E-01    0.2692492E+01    0.1731157E+02    0.2561042E+02   -0.3761129E-03   -0.1909288E-03    0.7256496E-03   -0.5571138E-03    0.7031438E-04    0.6456050E-02   -0.1375703E-02   -0.2100994E-03   -0.4463646E-02   -0.1470795E-02    0.9499911E-03    0.3044629E-01    0.1924907E-04    0.2536853E-02
    0.5610035E-05   -0.1106949E-03   -0.7621072E-04    0.1936143E-01    0.8186357E-03    0.1374818E-02    0.6245347E-03    0.2671783E+01    0.2672865E+01    0.1136727E+00    0.4928024E-02   -0.7528171E-02   -0.5461056E-02    0.5055013E-02    0.8685252E-02   -0.5981409E-02   -0.9730996E-02   -0.5391077E-01    0.5063858E-02    0.1989848E-02    0.3194015E-02    0.1327838E-02   -0.1944356E+02    0.1142772E+00    0.2517368E+01   -0.2112437E+02    0.2892234E+01    0.6946280E+01    0.1729078E+02   -0.2088722E+01    0.2662298E-01    0.1892176E+01    0.2561042E+02    0.5460129E+02   -0.1304284E-03    0.2420421E-03    0.2795438E-02    0.3473927E-03    0.8335880E-02    0.1428514E-01   -0.5298143E-02   -0.9144193E-03   -0.1296363E-01    0.9021020E-03    0.9097049E-02    0.5561512E-01    0.1698800E-03    0.4428367E-02
    0.3796585E-07   -0.2495063E-06    0.5579069E-08   -0.6179680E-06    0.2752735E-06    0.2173755E-05    0.5704572E-06   -0.9131807E-03   -0.1868937E-02   -0.6090795E-03   -0.1086263E-05   -0.7645022E-05   -0.4181395E-05    0.1768903E-07    0.5728600E-05   -0.1083807E-04   -0.1311867E-04    0.1488591E-04   -0.8262411E-05    0.2518545E-05    0.1939491E-05   -0.3825386E-06   -0.1459496E-02    0.3946742E-04    0.1573440E-03   -0.8064461E-03   -0.7162001E-03    0.1091981E-02    0.2197774E-02   -0.2710284E-03   -0.1130426E-03   -0.2340243E-03   -0.3761129E-03   -0.1304284E-03    0.3129322E-04    0.8709537E-05   -0.2122210E-05    0.2294187E-05   -0.2123505E-06    0.1167313E-04    0.3953185E-06    0.2861563E-07   -0.3880194E-05    0.5291413E-05    0.1060818E-04    0.1558192E-04    0.3147880E-07   -0.2934400E-06
    0.2667793E-07   -0.1512547E-06    0.1031518E-07    0.1536723E-06   -0.1234325E-06    0.2270602E-05    0.2995822E-06    0.2107604E-02   -0.3960402E-03   -0.1320361E-02   -0.4010898E-05   -0.1020322E-05   -0.3388859E-05    0.2495621E-05    0.3130581E-05   -0.4821556E-05   -0.1251585E-04    0.7786585E-05   -0.1642046E-05    0.1779680E-05    0.1489673E-05   -0.8949770E-06   -0.1310360E-02    0.1345137E-04    0.8383636E-04   -0.9683419E-03   -0.5486821E-03    0.5943465E-03    0.1880593E-02   -0.4345623E-03   -0.2140489E-03   -0.2218758E-03   -0.1909288E-03    0.2420421E-03    0.8709537E-05    0.2469654E-04   -0.1208276E-05    0.1242188E-04   -0.7490854E-05    0.8382341E-05   -0.1988943E-05   -0.1786345E-05   -0.2483594E-05   -0.1158189E-05   -0.1302470E-04   -0.1022924E-04   -0.1180649E-07   -0.1618577E-06
    0.1327100E-06   -0.7423773E-07   -0.2363677E-06    0.8576953E-04    0.1121021E-05    0.2283721E-05    0.7459533E-06   -0.1976527E-01   -0.9745535E-02   -0.2406207E-02   -0.1164767E-04    0.2242886E-06    0.9118682E-05    0.7025425E-05    0.5124056E-04    0.1768996E-04   -0.2207285E-04   -0.1020265E-03    0.6551048E-05   -0.1376266E-04    0.2234485E-04    0.5192227E-05   -0.1634205E-02   -0.2098042E-03    0.8594904E-03    0.4379284E-02   -0.3602491E-02   -0.2331201E-02    0.3062171E-02   -0.2044445E-02   -0.1134924E-02   -0.1023772E-02    0.7256496E-03    0.2795438E-02   -0.2122210E-05   -0.1208276E-05    0.1079909E-02    0.2620459E-05    0.4979668E-04    0.6208185E-04   -0.3297857E-04   -0.1296585E-05   -0.6512224E-04    0.3497716E-04    0.4601611E-04    0.4618886E-04    0.1174643E-06    0.4907837E-06
    0.3989419E-07   -0.2690812E-06    0.1964132E-07    0.8446367E-05    0.1576133E-05    0.2888698E-05    0.1339585E-05    0.6568564E-02   -0.1792445E-02    0.2243429E-03    0.3763191E-05   -0.3200185E-05    0.5623327E-05    0.5384566E-05   -0.3542900E-05   -0.1204716E-04   -0.7436281E-05    0.4678890E-04   -0.9530851E-06    0.2880166E-05    0.3242689E-05   -0.4065401E-06   -0.1751003E-02    0.3144334E-04   -0.7227715E-04   -0.3246529E-03    0.5085361E-03    0.2044657E-02    0.3512584E-02   -0.5623719E-03    0.1035395E-03   -0.8602036E-04   -0.5571138E-03    0.3473927E-03    0.2294187E-05    0.1242188E-04    0.2620459E-05    0.4879696E-04   -0.8845410E-05    0.4373208E-05   -0.9075749E-06   -0.2208490E-05    0.3546851E-06    0.2094190E-06   -0.1161501E-04    0.9440258E-05   -0.8342845E-07   -0.1720958E-06
    0.2617542E-06   -0.4238762E-06   -0.5063879E-06    0.2323677E-05   -0.2131674E-05    0.6159788E-05   -0.2010114E-06   -0.6694901E-02   -0.7856548E-03    0.3703431E-02   -0.3524079E-04    0.2049186E-04   -0.1932841E-04    0.6614254E-04    0.5936588E-04   -0.4046113E-04    0.4815674E-04   -0.1077789E-03    0.2640439E-04   -0.1077990E-04    0.1555202E-04    0.6922602E-05   -0.1213542E-01    0.3378238E-03    0.7519849E-03   -0.3463422E-01   -0.1209951E-01    0.2962223E-02    0.7547072E-02    0.1718842E-02   -0.3564006E-04   -0.6718415E-03    0.7031438E-04    0.8335880E-02   -0.2123505E-06   -0.7490854E-05    0.4979668E-04   -0.8845410E-05    0.2139402E-02   -0.1343002E-04   -0.2107815E-04   -0.2927654E-04   -0.1624117E-04    0.1925717E-04   -0.6716712E-04   -0.2933561E-04   -0.2628863E-06    0.1257588E-06
    0.4466579E-06    0.1399560E-05   -0.7368322E-06    0.3258840E-04    0.1904019E-04   -0.3495199E-05    0.8863389E-05    0.4608731E-01    0.1597839E-01    0.5981745E-01   -0.1476836E-03   -0.2385020E-05   -0.9761144E-04   -0.2561952E-04    0.2863615E-03    0.6736078E-04    0.2818671E-04    0.2553277E-03    0.1190568E-03    0.2006920E-04   -0.1991458E-04    0.3652902E-04    0.1972141E-01   -0.1019544E-02   -0.2241665E-02    0.1181033E+00   -0.1608319E-01   -0.4298718E-01   -0.3611882E-01    0.4768439E-03    0.2751050E-03   -0.2272029E-02    0.6456050E-02    0.1428514E-01    0.1167313E-04    0.8382341E-05    0.6208185E-04    0.4373208E-05   -0.1343002E-04    0.1688058E-01   -0.6780124E-04    0.3846910E-04    0.1195874E-03    0.1396149E-03    0.6820358E-04    0.3935386E-03    0.2130776E-05    0.5750693E-05
    0.5270671E-07   -0.3788176E-06    0.4208724E-07   -0.5199859E-06   -0.1194741E-05    0.3023180E-05    0.1803566E-07    0.2174268E-01    0.3427877E-01   -0.4424412E-02    0.7877576E-04   -0.4712982E-04    0.3722796E-05   -0.5855747E-04    0.5335575E-05   -0.4414038E-04   -0.3335289E-04   -0.7829513E-03   -0.4365823E-05    0.4986999E-05   -0.4823579E-06    0.3743030E-05    0.3891894E-02   -0.2938921E-05    0.4078214E-03   -0.1581800E-01   -0.4686715E-02   -0.2486165E-02   -0.5225460E-02   -0.4009537E-03   -0.7181935E-03    0.6079261E-03   -0.1375703E-02   -0.5298143E-02    0.3953185E-06   -0.1988943E-05   -0.3297857E-04   -0.9075749E-06   -0.2107815E-04   -0.6780124E-04    0.1433638E-02    0.3043932E-03    0.8111356E-04   -0.3528664E-03   -0.3009872E-03   -0.5563437E-03   -0.1779708E-06   -0.5456647E-06
   -0.5143477E-07    0.1264022E-06    0.4243036E-07    0.1002069E-04    0.1975151E-05    0.9454127E-06    0.9727282E-06    0.1149074E-01    0.1165165E-01   -0.3025370E-02    0.1209097E-04   -0.9772587E-05   -0.6405705E-05    0.1673078E-04    0.2473953E-04    0.1647838E-04   -0.1709796E-04   -0.2241099E-03   -0.1710640E-04    0.1285551E-04   -0.1951445E-04    0.3452006E-05    0.4421928E-02    0.7438805E-04   -0.3503344E-03   -0.1678719E-01   -0.1520921E-02   -0.2357593E-02   -0.7314529E-02    0.1373030E-03    0.4673619E-04   -0.3997713E-03   -0.2100994E-03   -0.9144193E-03    0.2861563E-07   -0.1786345E-05   -0.1296585E-05   -0.2208490E-05   -0.2927654E-04    0.3846910E-04    0.3043932E-03    0.8561009E-03    0.2447740E-04    0.7578247E-03    0.1053897E-03   -0.6877861E-03   -0.4751274E-06    0.9075156E-06
   -0.5132724E-06    0.2009343E-05    0.1388806E-06    0.4290226E-04   -0.1018729E-05   -0.5328653E-05   -0.1886775E-05   -0.7331215E-02   -0.9058343E-02    0.2638896E-01    0.5841754E-04   -0.6014614E-04    0.1396381E-03    0.1809864E-04   -0.8923442E-04    0.4341567E-04   -0.4475824E-04   -0.6350448E-03    0.1337995E-03    0.6326385E-04   -0.7291741E-04    0.1319843E-05    0.5337237E-02    0.1200172E-03    0.2979057E-02   -0.8339126E-01   -0.3147752E-02    0.1285398E-01    0.7697467E-02   -0.5426027E-03    0.4038070E-02    0.1970354E-03   -0.4463646E-02   -0.1296363E-01   -0.3880194E-05   -0.2483594E-05   -0.6512224E-04    0.3546851E-06   -0.1624117E-04    0.1195874E-03    0.8111356E-04    0.2447740E-04    0.7396911E-02   -0.2191491E-03    0.1758351E-02    0.6052354E-02   -0.2111533E-06   -0.1353250E-06
   -0.2763528E-06    0.7018093E-06   -0.4949233E-06    0.6907787E-04   -0.4684318E-06   -0.2850649E-05    0.1383472E-06   -0.4314099E-02   -0.9460582E-02    0.1060677E-01   -0.2554722E-04   -0.1097278E-04    0.1873925E-04    0.5843404E-05    0.2953119E-04    0.7640859E-04    0.3124438E-04   -0.3730306E-03   -0.4223181E-04   -0.1824930E-04   -0.7196273E-05   -0.1565605E-05    0.2193395E-02   -0.1491515E-03    0.6901817E-03   -0.2990935E-01   -0.7838096E-02   -0.5840919E-02   -0.6327730E-02    0.7050978E-03    0.7526292E-03   -0.1946025E-02   -0.1470795E-02    0.9021020E-03    0.5291413E-05   -0.1158189E-05    0.3497716E-04    0.2094190E-06    0.1925717E-04    0.1396149E-03   -0.3528664E-03    0.7578247E-03   -0.2191491E-03    0.3031228E-02    0.1273238E-02   -0.5060987E-04   -0.4817039E-06    0.6411799E-06
   -0.1499306E-05    0.1820714E-05   -0.9535330E-06    0.2856668E-03    0.5684574E-05   -0.6698858E-05    0.3312246E-05   -0.3518702E-01   -0.8846820E-02    0.2346957E-01    0.1914551E-04    0.4874595E-04    0.6575751E-04    0.1106464E-03   -0.1984705E-04    0.3358823E-04   -0.6833194E-04   -0.6663823E-03    0.2556061E-04    0.1691014E-04   -0.1540221E-04   -0.2851304E-04   -0.7089704E-02    0.2383452E-05   -0.2165681E-02   -0.1084711E-01    0.1637238E-01    0.1384945E-01    0.3457028E-01   -0.2588734E-02   -0.3701072E-04   -0.4533592E-02    0.9499911E-03    0.9097049E-02    0.1060818E-04   -0.1302470E-04    0.4601611E-04   -0.1161501E-04   -0.6716712E-04    0.6820358E-04   -0.3009872E-03    0.1053897E-03    0.1758351E-02    0.1273238E-02    0.1623338E-01    0.1939120E-01   -0.4207128E-06    0.2118529E-05
   -0.2891416E-05    0.4811279E-05   -0.6940217E-06    0.3733653E-03    0.8143143E-05    0.4526912E-05    0.3020175E-05   -0.1106805E+00   -0.1090168E+00    0.5383832E-01   -0.1219953E-03    0.1296169E-04    0.3830042E-05    0.2297647E-03   -0.4602424E-03   -0.2925821E-04    0.3327633E-03   -0.1081133E-02    0.1397970E-03    0.7515257E-04   -0.1298245E-03   -0.5034711E-04   -0.4594518E-01    0.8189414E-04   -0.7448149E-04   -0.2225558E-01    0.1001281E+00    0.6684700E-01    0.1238139E+00   -0.2274935E-01   -0.4798029E-02   -0.8862725E-02    0.3044629E-01    0.5561512E-01    0.1558192E-04   -0.1022924E-04    0.4618886E-04    0.9440258E-05   -0.2933561E-04    0.3935386E-03   -0.5563437E-03   -0.6877861E-03    0.6052354E-02   -0.5060987E-04    0.1939120E-01    0.7773695E-01    0.9426717E-06   -0.4531581E-05
    0.4255164E-08   -0.2639558E-07   -0.1918151E-08   -0.1888894E-05    0.1201375E-06   -0.2142815E-07   -0.1207128E-07   -0.9067874E-03   -0.3359023E-04   -0.1458333E-04   -0.9185210E-06   -0.1531856E-06   -0.4840949E-06   -0.1186265E-05    0.3196533E-06    0.4769113E-06    0.1001013E-06   -0.3812080E-05   -0.7600719E-06    0.2218640E-06   -0.3760944E-06    0.7642726E-07   -0.4730779E-03    0.8563158E-05    0.2185150E-03    0.6279400E-02   -0.4285673E-04    0.7827891E-03    0.9077405E-03   -0.1337118E-03    0.3185362E-03   -0.2878274E-03    0.1924907E-04    0.1698800E-03    0.3147880E-07   -0.1180649E-07    0.1174643E-06   -0.8342845E-07   -0.2628863E-06    0.2130776E-05   -0.1779708E-06   -0.4751274E-06   -0.2111533E-06   -0.4817039E-06   -0.4207128E-06    0.9426717E-06    0.6345504E-06   -0.3743881E-07
   -0.4721809E-08    0.2790176E-07    0.1080845E-07    0.3489986E-05   -0.1982295E-06   -0.5776065E-06   -0.8164684E-07   -0.1647873E-03    0.2108644E-04    0.1019910E-02    0.5809916E-06   -0.1011311E-05    0.9192614E-06    0.1365330E-05   -0.8654973E-06   -0.1581711E-05    0.2194989E-05   -0.1875623E-04    0.2614678E-05   -0.1629986E-06    0.1175518E-05    0.7540278E-07    0.4749456E-02   -0.3243888E-04   -0.3754150E-03    0.4058665E-02   -0.9076875E-04   -0.3157163E-02   -0.8360681E-02    0.2111276E-03   -0.2649017E-04   -0.2151177E-03    0.2536853E-02    0.4428367E-02   -0.2934400E-06   -0.1618577E-06    0.4907837E-06   -0.1720958E-06    0.1257588E-06    0.5750693E-05   -0.5456647E-06    0.9075156E-06   -0.1353250E-06    0.6411799E-06    0.2118529E-05   -0.4531581E-05   -0.3743881E-07    0.2145536E-05
