# omegabh2 omegach2 theta mnu logA ns calPlanck ampia a1phot a2phot a3phot a4phot a5phot a6phot a7phot meadnuis2 alpha_SZ ystar_SZ bias_SZ scatter_SZ acib217 xi asz143 aps100 aps143 aps143217 aps217 aksz kgal100 kgal143 kgal143217 kgal217 galfEE100 galfEE100143 galfEE100217 galfEE143 galfEE143217 galfEE217 galfTE100 galfTE100143 galfTE100217 galfTE143 galfTE143217 galfTE217 cal0 cal2
    0.1656066E-07   -0.3364784E-07    0.9524460E-08   -0.5388279E-06   -0.4226587E-08    0.1151131E-06    0.4843226E-08   -0.3637333E-05    0.8904098E-07    0.1142347E-06   -0.1528255E-07   -0.6435538E-07    0.2920835E-06   -0.8622378E-07   -0.2184319E-06   -0.3254058E-06   -0.6591528E-06    0.1330726E-06    0.7544890E-06    0.3116761E-07   -0.8301684E-04   -0.9272963E-06    0.2686564E-04   -0.3643397E-03   -0.2086090E-03   -0.6335758E-04    0.5408696E-04   -0.3033927E-04    0.2005433E-05   -0.2783670E-05   -0.2153913E-04   -0.1207004E-04    0.3478771E-07    0.1629927E-07   -0.6403060E-07    0.4397655E-07    0.2658833E-06   -0.1812749E-06   -0.1183655E-06    0.5189725E-07   -0.1215833E-06   -0.9526968E-07   -0.1313368E-05   -0.2928763E-05    0.1718946E-08   -0.1488242E-07
   -0.3364784E-07    0.6980775E-06   -0.3438218E-07   -0.4200764E-05    0.9705462E-06   -0.1375681E-05   -0.3382022E-06    0.1105611E-03    0.2212436E-06   -0.6717646E-06    0.1047361E-07   -0.1068220E-05   -0.4826099E-05   -0.5116759E-05   -0.4113758E-05   -0.4229523E-05    0.4464056E-05   -0.1887473E-05   -0.1474352E-04   -0.8231082E-07    0.3996532E-05    0.1051103E-04   -0.3517972E-04   -0.1692204E-03    0.4394798E-03    0.3644154E-03   -0.2638129E-04   -0.6362244E-05   -0.2601064E-05   -0.3281448E-04    0.1103301E-03    0.1111448E-03   -0.3143100E-06   -0.2098326E-06    0.2846072E-06   -0.3737237E-06   -0.8141102E-06    0.1149481E-05    0.8217005E-06   -0.6038441E-06    0.2382331E-06   -0.7771441E-07    0.9869364E-06    0.4144925E-05    0.5100715E-08    0.3309585E-07
    0.9524460E-08   -0.3438218E-07    0.8109291E-07   -0.6141495E-06    0.5901035E-07    0.1936193E-06    0.2298682E-07   -0.1130168E-04   -0.2005051E-06    0.6626771E-07    0.9456537E-09    0.7079390E-07    0.5982948E-06   -0.1044914E-05   -0.4925260E-06   -0.6370875E-06   -0.5724777E-06    0.2908060E-06    0.7338623E-06    0.8549614E-07   -0.1607385E-04   -0.2674802E-05   -0.1175279E-04    0.2904520E-04   -0.8411757E-04   -0.1216215E-03   -0.2300564E-04    0.1063966E-04    0.3963158E-05   -0.3572725E-05   -0.1716139E-04    0.1490245E-04    0.1671851E-07   -0.6935740E-08   -0.6006552E-07    0.2016960E-07    0.1081630E-06   -0.1010717E-06   -0.7588948E-07   -0.2855651E-06    0.4286682E-07   -0.6341946E-06   -0.7254895E-06    0.6743154E-07   -0.4152808E-08    0.2581464E-08
   -0.5388279E-06   -0.4200764E-05   -0.6141495E-06    0.3120221E-02    0.2131999E-05   -0.2164949E-04    0.4754571E-05    0.9129819E-03   -0.7554223E-04   -0.1997597E-04   -0.1662292E-04   -0.1344125E-04    0.3804987E-04    0.5746418E-03    0.2273946E-03    0.3491300E-03    0.7511581E-03    0.3385752E-04    0.8653791E-03    0.6491117E-05   -0.1791393E-01    0.7669434E-03   -0.4001705E-03    0.7811012E-02    0.2785613E-01    0.4098306E-01    0.4495278E-01   -0.2565843E-02   -0.1031557E-02   -0.2882262E-02    0.4299292E-02    0.1525862E-01   -0.2059719E-05   -0.4003212E-05    0.2430430E-07   -0.2296133E-05    0.6737690E-04    0.3311431E-04   -0.3524139E-04   -0.1875225E-04    0.3196167E-04   -0.5299128E-04    0.1709934E-04    0.9926964E-04    0.2244640E-05    0.9749410E-06
   -0.4226587E-08    0.9705462E-06    0.5901035E-07    0.2131999E-05    0.2279428E-04   -0.3451991E-05    0.8829707E-05    0.2970726E-03    0.5059809E-05   -0.3009615E-05   -0.1579507E-06   -0.1248337E-05    0.1450374E-05   -0.6408511E-05   -0.8712196E-05   -0.2513199E-04    0.1925510E-06   -0.6391841E-05   -0.3464202E-04   -0.4864523E-06    0.1171012E-02    0.9639935E-04    0.1056825E-03    0.3079214E-02    0.2370176E-02    0.4799431E-02    0.3536218E-02   -0.8491876E-03   -0.2515835E-03   -0.5146383E-03   -0.4670287E-03    0.3218763E-03    0.2815008E-06   -0.6998938E-07    0.4857807E-05    0.1022525E-05   -0.1770499E-05    0.2258347E-04    0.2721879E-05    0.1509605E-05    0.5853042E-06    0.2382922E-05   -0.9782513E-05   -0.2610965E-04    0.1692651E-06    0.3974152E-08
    0.1151131E-06   -0.1375681E-05    0.1936193E-06   -0.2164949E-04   -0.3451991E-05    0.1117499E-04    0.5768010E-06   -0.1020075E-03    0.1454271E-05    0.3983778E-05    0.8515476E-06    0.6774093E-05    0.1194770E-04    0.1708306E-04    0.1735790E-04    0.2877806E-05   -0.9857410E-05    0.2698455E-05    0.2206495E-04   -0.3201828E-06   -0.3945680E-02    0.2172294E-04    0.1004009E-02   -0.1907178E-01   -0.5196729E-02    0.1666762E-02    0.5402107E-02   -0.1947438E-02    0.2572252E-03   -0.2927385E-04   -0.3133984E-03    0.9153525E-03    0.2020436E-05    0.1764476E-05   -0.1012688E-05    0.2091243E-05    0.2103853E-05   -0.6018278E-05   -0.1203068E-05    0.3563770E-06    0.3125323E-05   -0.2623656E-05    0.1049116E-04    0.3029662E-04   -0.1269090E-06   -0.3726362E-06
    0.4843226E-08   -0.3382022E-06    0.2298682E-07    0.4754571E-05    0.8829707E-05    0.5768010E-06    0.4887244E-05    0.3047193E-04    0.1332832E-05   -0.8165155E-06    0.4925248E-08    0.1139668E-05    0.6838128E-05    0.6191058E-05    0.5644338E-05   -0.3946381E-05   -0.4855431E-05   -0.1135788E-05   -0.2154451E-07   -0.3708741E-06    0.1693962E-02    0.2232396E-05    0.3741239E-04    0.4066756E-02    0.4279184E-03    0.4897253E-03   -0.3123855E-03   -0.9476684E-05   -0.1933459E-04    0.2860737E-04   -0.1907219E-03   -0.9366858E-04    0.7837277E-06    0.4476454E-06    0.2758264E-05    0.1122060E-05   -0.3757256E-06    0.6199736E-05    0.5810640E-06    0.2019346E-05    0.1150218E-05    0.2509458E-05   -0.9068799E-06   -0.8999970E-05   -0.2888069E-07    0.2958667E-07
   -0.3637333E-05    0.1105611E-03   -0.1130168E-04    0.9129819E-03    0.2970726E-03   -0.1020075E-03    0.3047193E-04    0.3851475E+00    0.4815466E-03    0.5130174E-03    0.4987127E-03   -0.2872538E-03    0.3979122E-03    0.2155985E-03    0.6617063E-03    0.1144647E-01    0.5844917E-03   -0.4046012E-03   -0.2053580E-02    0.2200756E-04   -0.4048625E-01    0.1408574E-02    0.3395609E-01   -0.4980489E+00   -0.8300694E-01    0.1133278E+00    0.1071415E+00   -0.4241664E-01    0.1411899E-01    0.6650166E-02    0.2173586E-01    0.2419992E-01   -0.2752320E-05   -0.1000707E-03    0.1155478E-03   -0.4921242E-04   -0.2306404E-03   -0.1268039E-03    0.1038749E-03    0.1098008E-03   -0.2053254E-02    0.4898582E-03   -0.1364406E-03   -0.4938513E-02    0.2153231E-05   -0.1060469E-05
    0.8904098E-07    0.2212436E-06   -0.2005051E-06   -0.7554223E-04    0.5059809E-05    0.1454271E-05    0.1332832E-05    0.4815466E-03    0.1815170E-03    0.5787693E-05    0.2949110E-05   -0.9168199E-05    0.9075427E-05   -0.4206550E-04    0.4971822E-04    0.1237407E-04   -0.3488921E-04   -0.3443405E-05   -0.2808400E-04   -0.3341103E-06   -0.2469460E-02    0.1036582E-03    0.4686231E-03   -0.3940599E-02   -0.1570111E-02    0.4240599E-02    0.5467667E-02   -0.1525253E-02   -0.5210144E-05   -0.8269808E-03   -0.1583606E-02   -0.7639102E-03    0.1153030E-05    0.2015030E-05   -0.1787331E-05    0.1874394E-05    0.1102871E-04   -0.4403879E-04    0.5890097E-05    0.3574465E-05   -0.2103180E-05   -0.3171972E-05   -0.1826685E-04   -0.4894331E-05    0.1572231E-06   -0.2315591E-06
    0.1142347E-06   -0.6717646E-06    0.6626771E-07   -0.1997597E-04   -0.3009615E-05    0.3983778E-05   -0.8165155E-06    0.5130174E-03    0.5787693E-05    0.9712860E-04   -0.3617640E-06    0.7464750E-05    0.2059096E-04    0.2784104E-04    0.2917824E-04    0.1622869E-05   -0.4347576E-05    0.1836236E-04   -0.1862740E-05   -0.6457744E-06   -0.3314011E-02   -0.2828869E-04    0.9527087E-03   -0.7966335E-02   -0.3807325E-02    0.1219181E-02    0.4784641E-02   -0.1029156E-02   -0.4513105E-04    0.1694839E-03    0.2834689E-03    0.1480030E-02   -0.1658906E-06    0.1053729E-05   -0.3401068E-05    0.9892489E-06   -0.5255869E-05    0.7163291E-05   -0.1303059E-05   -0.4442333E-05    0.7205262E-05   -0.1485288E-04   -0.4305423E-04   -0.6508512E-04    0.1186751E-06   -0.9660323E-07
   -0.1528255E-07    0.1047361E-07    0.9456537E-09   -0.1662292E-04   -0.1579507E-06    0.8515476E-06    0.4925248E-08    0.4987127E-03    0.2949110E-05   -0.3617640E-06    0.6823991E-04    0.1162920E-04   -0.5544658E-05   -0.5299036E-05   -0.2087567E-04    0.1300632E-04   -0.1007165E-04    0.3761967E-05   -0.9297352E-05   -0.1215084E-05   -0.6032622E-03   -0.5446893E-04    0.7860835E-03    0.2208423E-02   -0.7946905E-03    0.1116684E-02    0.1833181E-02   -0.8165291E-03   -0.3650575E-03    0.1462044E-03    0.7904009E-03    0.1121093E-02    0.6885221E-06    0.4417403E-06   -0.2029436E-06   -0.9855249E-06    0.7783277E-05    0.7523049E-05    0.1231523E-05    0.3117585E-06    0.1315952E-05    0.1033606E-04    0.1479117E-04    0.2997012E-05    0.1293472E-06   -0.1276887E-06
   -0.6435538E-07   -0.1068220E-05    0.7079390E-07   -0.1344125E-04   -0.1248337E-05    0.6774093E-05    0.1139668E-05   -0.2872538E-03   -0.9168199E-05    0.7464750E-05    0.1162920E-04    0.2721161E-03    0.2469375E-04    0.5838941E-04   -0.6486272E-04   -0.7483222E-04   -0.1152874E-04   -0.1030331E-04    0.2448820E-04    0.2084822E-05   -0.4990337E-02    0.1353775E-03   -0.1127386E-03   -0.5670037E-02    0.6972806E-04    0.2779263E-02    0.6848488E-02   -0.3531928E-03    0.1227030E-02   -0.3104117E-04   -0.3437334E-03    0.1373909E-02    0.2715065E-06    0.9326473E-06   -0.7225147E-05    0.9978225E-06    0.5322160E-05    0.2794147E-04    0.1347523E-04   -0.2041901E-05    0.1648753E-04    0.1309890E-05   -0.2918935E-04   -0.5816326E-04    0.2982208E-07   -0.2580537E-06
    0.2920835E-06   -0.4826099E-05    0.5982948E-06    0.3804987E-04    0.1450374E-05    0.1194770E-04    0.6838128E-05    0.3979122E-03    0.9075427E-05    0.2059096E-04   -0.5544658E-05    0.2469375E-04    0.8202965E-03    0.2021510E-03    0.1366260E-03   -0.5889566E-04   -0.6629191E-05    0.4353774E-04    0.6956338E-04   -0.6487882E-05    0.7951422E-02   -0.1626057E-03    0.1368478E-02   -0.7188108E-02   -0.3860399E-02   -0.5184731E-04   -0.5381661E-02   -0.1909776E-02    0.6539613E-04    0.1066928E-02   -0.1013545E-02   -0.4043202E-02    0.5369476E-06   -0.6521105E-06    0.5844145E-05   -0.3443985E-05    0.1572616E-04   -0.1325010E-03    0.9786484E-05   -0.1481638E-05    0.9279207E-05   -0.9641958E-05   -0.7606260E-04   -0.1317734E-03   -0.4160406E-06    0.8603590E-06
   -0.8622378E-07   -0.5116759E-05   -0.1044914E-05    0.5746418E-03   -0.6408511E-05    0.1708306E-04    0.6191058E-05    0.2155985E-03   -0.4206550E-04    0.2784104E-04   -0.5299036E-05    0.5838941E-04    0.2021510E-03    0.1713213E-02    0.8446778E-05   -0.1449898E-03    0.1406969E-03    0.7840909E-04    0.1707971E-03   -0.1022143E-04   -0.8183784E-03    0.3583460E-03    0.1054295E-02    0.4536811E-02    0.4956285E-02    0.1880566E-01    0.1029644E-01   -0.4035215E-02   -0.9479301E-03    0.9555153E-03   -0.3117751E-02   -0.2388828E-02   -0.1643572E-07    0.5117903E-05   -0.1392987E-04    0.3051916E-05   -0.2078898E-04   -0.4863234E-04   -0.2037968E-04   -0.2833553E-04    0.4385292E-04   -0.7726224E-05   -0.1694726E-04    0.1042567E-03   -0.1480401E-06   -0.1461926E-06
   -0.2184319E-06   -0.4113758E-05   -0.4925260E-06    0.2273946E-03   -0.8712196E-05    0.1735790E-04    0.5644338E-05    0.6617063E-03    0.4971822E-04    0.2917824E-04   -0.2087567E-04   -0.6486272E-04    0.1366260E-03    0.8446778E-05    0.2495753E-02    0.2850025E-03    0.7041570E-05    0.4845033E-04    0.8034854E-04    0.9565056E-05   -0.1138987E-01    0.7869638E-03    0.2050408E-02   -0.5311002E-01    0.6512179E-02    0.2796172E-01    0.2270482E-01    0.2558327E-03    0.3325422E-02    0.4248321E-02    0.3356332E-02    0.6930273E-02    0.1134799E-04    0.7010666E-05   -0.1719552E-04    0.9530898E-05    0.5261127E-04   -0.4892089E-04   -0.6097408E-04    0.1011896E-04   -0.5359647E-05    0.5881112E-05   -0.1581001E-04    0.1211607E-03   -0.9544534E-06   -0.1196548E-05
   -0.3254058E-06   -0.4229523E-05   -0.6370875E-06    0.3491300E-03   -0.2513199E-04    0.2877806E-05   -0.3946381E-05    0.1144647E-01    0.1237407E-04    0.1622869E-05    0.1300632E-04   -0.7483222E-04   -0.5889566E-04   -0.1449898E-03    0.2850025E-03    0.6146993E-02   -0.8502472E-05   -0.1471816E-04    0.2015620E-03    0.2741030E-04   -0.3230568E-02   -0.6095090E-03    0.1131302E-03   -0.1690071E-01   -0.1571772E-01   -0.2062432E-01   -0.1135164E-02    0.5050507E-02    0.6540423E-02    0.1960320E-02   -0.5074977E-02   -0.8904889E-02    0.3399513E-06    0.5777107E-05    0.1222553E-05    0.4273626E-05    0.2510797E-04    0.1673892E-03    0.1968560E-04    0.3245060E-04   -0.1653754E-03    0.3563289E-04    0.1228023E-03   -0.2379801E-03   -0.7453403E-06   -0.3786967E-05
   -0.6591528E-06    0.4464056E-05   -0.5724777E-06    0.7511581E-03    0.1925510E-06   -0.9857410E-05   -0.4855431E-05    0.5844917E-03   -0.3488921E-04   -0.4347576E-05   -0.1007165E-04   -0.1152874E-04   -0.6629191E-05    0.1406969E-03    0.7041570E-05   -0.8502472E-05    0.2341694E-02    0.6912217E-04    0.3229046E-03   -0.4354266E-05   -0.1193225E-01    0.3103572E-03   -0.2396894E-02    0.2153823E-01    0.3656988E-02    0.8470923E-02    0.1550961E-01    0.9740888E-03   -0.3151550E-03   -0.1766838E-02   -0.2772488E-04    0.8255623E-02   -0.2456126E-05    0.4312955E-05   -0.2407421E-04   -0.1002758E-05   -0.3701306E-04    0.1106877E-03   -0.5220463E-04   -0.3011130E-04   -0.4811378E-04   -0.6939173E-04    0.5901661E-04    0.2328494E-03    0.9782851E-06    0.1249774E-05
    0.1330726E-06   -0.1887473E-05    0.2908060E-06    0.3385752E-04   -0.6391841E-05    0.2698455E-05   -0.1135788E-05   -0.4046012E-03   -0.3443405E-05    0.1836236E-04    0.3761967E-05   -0.1030331E-04    0.4353774E-04    0.7840909E-04    0.4845033E-04   -0.1471816E-04    0.6912217E-04    0.4302729E-03   -0.3577594E-03    0.6166913E-05   -0.2842316E-02   -0.6001361E-05    0.1298746E-03    0.8378467E-02    0.3529047E-03    0.1832480E-02    0.4561293E-02    0.3748640E-03   -0.6332890E-03   -0.9052134E-04   -0.2406234E-02   -0.4042226E-02    0.3120082E-06   -0.6693330E-07    0.2328438E-05   -0.5802487E-06   -0.1312539E-04    0.6000530E-04   -0.1236370E-05    0.5187811E-06    0.1607423E-05   -0.1289606E-04    0.2658128E-04   -0.4619792E-04   -0.2098059E-07   -0.1063709E-05
    0.7544890E-06   -0.1474352E-04    0.7338623E-06    0.8653791E-03   -0.3464202E-04    0.2206495E-04   -0.2154451E-07   -0.2053580E-02   -0.2808400E-04   -0.1862740E-05   -0.9297352E-05    0.2448820E-04    0.6956338E-04    0.1707971E-03    0.8034854E-04    0.2015620E-03    0.3229046E-03   -0.3577594E-03    0.1044849E-02   -0.8239613E-05   -0.3181891E-02   -0.9481861E-04   -0.2551101E-03    0.5065405E-02   -0.6528442E-02   -0.6587666E-02    0.1393400E-02    0.6211011E-03    0.7150437E-03    0.3324564E-03    0.7430854E-03    0.4723584E-02    0.4086768E-05    0.4442842E-05   -0.1187185E-04    0.6571280E-05    0.5769623E-04   -0.1004329E-03   -0.4050663E-04    0.3746812E-05    0.5267877E-06   -0.1920741E-05   -0.5812072E-04   -0.1600702E-04    0.6374566E-06    0.5779469E-06
    0.3116761E-07   -0.8231082E-07    0.8549614E-07    0.6491117E-05   -0.4864523E-06   -0.3201828E-06   -0.3708741E-06    0.2200756E-04   -0.3341103E-06   -0.6457744E-06   -0.1215084E-05    0.2084822E-05   -0.6487882E-05   -0.1022143E-04    0.9565056E-05    0.2741030E-04   -0.4354266E-05    0.6166913E-05   -0.8239613E-05    0.1017219E-03   -0.1986554E-03    0.1202302E-03   -0.9742471E-03    0.2762177E-02    0.1736257E-02   -0.9005622E-03   -0.2052198E-02    0.1223619E-02    0.2645086E-03    0.1012409E-03    0.2289487E-03    0.6106240E-03    0.1169601E-05    0.5743372E-06   -0.7368106E-05    0.1122382E-05    0.1785713E-05   -0.3820731E-04    0.4189557E-05   -0.2582633E-05    0.1126722E-04    0.1002200E-04    0.2480314E-04   -0.7153774E-06   -0.4873666E-07    0.2635062E-06
   -0.8301684E-04    0.3996532E-05   -0.1607385E-04   -0.1791393E-01    0.1171012E-02   -0.3945680E-02    0.1693962E-02   -0.4048625E-01   -0.2469460E-02   -0.3314011E-02   -0.6032622E-03   -0.4990337E-02    0.7951422E-02   -0.8183784E-03   -0.1138987E-01   -0.3230568E-02   -0.1193225E-01   -0.2842316E-02   -0.3181891E-02   -0.1986554E-03    0.4492777E+02   -0.5286297E+00   -0.1720169E+01    0.4235655E+02   -0.1208864E+01   -0.2352885E+02   -0.6305699E+02    0.3535832E+00    0.1072217E+00    0.4069775E+00   -0.2539542E+01   -0.2017489E+02    0.3228316E-03    0.5135606E-03    0.2692274E-02   -0.1001337E-03   -0.5493913E-02   -0.1325397E-02    0.8308766E-03    0.2965625E-02   -0.4212319E-02   -0.6976286E-03   -0.1783893E-01   -0.4910938E-01   -0.4729479E-03    0.4279617E-02
   -0.9272963E-06    0.1051103E-04   -0.2674802E-05    0.7669434E-03    0.9639935E-04    0.2172294E-04    0.2232396E-05    0.1408574E-02    0.1036582E-03   -0.2828869E-04   -0.5446893E-04    0.1353775E-03   -0.1626057E-03    0.3583460E-03    0.7869638E-03   -0.6095090E-03    0.3103572E-03   -0.6001361E-05   -0.9481861E-04    0.1202302E-03   -0.5286297E+00    0.7921202E-01   -0.7997725E-01   -0.3193024E+00    0.1087840E+01    0.1876977E+01    0.7904750E+00    0.8779339E-01   -0.1909847E-01    0.1126957E-01    0.1593525E+00    0.2300942E+00   -0.3596469E-04   -0.2176066E-05   -0.4105931E-04    0.1297057E-04    0.1996798E-03   -0.2041525E-03   -0.2900612E-03   -0.1993645E-03    0.7072199E-03   -0.2314151E-04    0.1635025E-02    0.3684496E-02    0.1405362E-04   -0.9282320E-05
    0.2686564E-04   -0.3517972E-04   -0.1175279E-04   -0.4001705E-03    0.1056825E-03    0.1004009E-02    0.3741239E-04    0.3395609E-01    0.4686231E-03    0.9527087E-03    0.7860835E-03   -0.1127386E-03    0.1368478E-02    0.1054295E-02    0.2050408E-02    0.1131302E-03   -0.2396894E-02    0.1298746E-03   -0.2551101E-03   -0.9742471E-03   -0.1720169E+01   -0.7997725E-01    0.3624920E+01   -0.2816918E+02   -0.3602319E+01    0.7668118E+01    0.6830666E+01   -0.2673831E+01   -0.1284134E+00    0.2039088E-01    0.2299962E+01    0.2194344E+01    0.2963699E-03    0.5088103E-04    0.1092866E-04    0.2267648E-03    0.1417352E-03    0.1021087E-02    0.8738115E-03    0.3776401E-03   -0.4842207E-02   -0.1849225E-02   -0.1004751E-02   -0.8179351E-02    0.1504837E-03   -0.3757730E-03
   -0.3643397E-03   -0.1692204E-03    0.2904520E-04    0.7811012E-02    0.3079214E-02   -0.1907178E-01    0.4066756E-02   -0.4980489E+00   -0.3940599E-02   -0.7966335E-02    0.2208423E-02   -0.5670037E-02   -0.7188108E-02    0.4536811E-02   -0.5311002E-01   -0.1690071E-01    0.2153823E-01    0.8378467E-02    0.5065405E-02    0.2762177E-02    0.4235655E+02   -0.3193024E+00   -0.2816918E+02    0.7573775E+03    0.6439367E+02   -0.5883087E+02   -0.7237573E+02    0.1302009E+02   -0.3604025E+01    0.2790238E+01   -0.1284171E+02   -0.1995575E+02   -0.2534869E-02   -0.2628351E-03    0.2515300E-01   -0.4087459E-02   -0.3247061E-02    0.2418873E-01    0.8097326E-02   -0.7771877E-02   -0.2149218E-01    0.6458652E-02   -0.9788469E-01   -0.2059826E+00    0.6297875E-02    0.3912827E-02
   -0.2086090E-03    0.4394798E-03   -0.8411757E-04    0.2785613E-01    0.2370176E-02   -0.5196729E-02    0.4279184E-03   -0.8300694E-01   -0.1570111E-02   -0.3807325E-02   -0.7946905E-03    0.6972806E-04   -0.3860399E-02    0.4956285E-02    0.6512179E-02   -0.1571772E-01    0.3656988E-02    0.3529047E-03   -0.6528442E-02    0.1736257E-02   -0.1208864E+01    0.1087840E+01   -0.3602319E+01    0.6439367E+02    0.6060739E+02    0.4586138E+02    0.1865252E+02   -0.4796945E+01   -0.3593934E+00   -0.9167926E+00    0.5136449E+01    0.6012141E+01   -0.1345691E-02   -0.9958957E-03    0.4942966E-03   -0.2375595E-02    0.8353650E-02    0.3486868E-01   -0.8758910E-03   -0.9188216E-02    0.7185297E-02   -0.3705621E-02    0.2904047E-01    0.8039477E-01    0.2176615E-03    0.2719466E-03
   -0.6335758E-04    0.3644154E-03   -0.1216215E-03    0.4098306E-01    0.4799431E-02    0.1666762E-02    0.4897253E-03    0.1133278E+00    0.4240599E-02    0.1219181E-02    0.1116684E-02    0.2779263E-02   -0.5184731E-04    0.1880566E-01    0.2796172E-01   -0.2062432E-01    0.8470923E-02    0.1832480E-02   -0.6587666E-02   -0.9005622E-03   -0.2352885E+02    0.1876977E+01    0.7668118E+01   -0.5883087E+02    0.4586138E+02    0.1001791E+03    0.6881203E+02   -0.1193781E+02   -0.7444069E+00   -0.2395701E+00    0.6905854E+01    0.9890521E+01   -0.7160441E-03   -0.4616179E-03   -0.1654354E-02   -0.2639119E-03    0.4092391E-02    0.3783954E-01   -0.4280497E-02   -0.9030912E-02    0.8101125E-02   -0.5665277E-02    0.4821823E-01    0.9074617E-01    0.9121767E-03   -0.2383899E-02
    0.5408696E-04   -0.2638129E-04   -0.2300564E-04    0.4495278E-01    0.3536218E-02    0.5402107E-02   -0.3123855E-03    0.1071415E+00    0.5467667E-02    0.4784641E-02    0.1833181E-02    0.6848488E-02   -0.5381661E-02    0.1029644E-01    0.2270482E-01   -0.1135164E-02    0.1550961E-01    0.4561293E-02    0.1393400E-02   -0.2052198E-02   -0.6305699E+02    0.7904750E+00    0.6830666E+01   -0.7237573E+02    0.1865252E+02    0.6881203E+02    0.1229940E+03   -0.1023997E+02   -0.3618512E+00   -0.6524276E+00    0.6933359E+00    0.1797517E+02   -0.2329537E-03   -0.8532870E-03   -0.2887123E-02    0.2905327E-03    0.4881712E-02    0.2797163E-01   -0.1028428E-02   -0.6400998E-02    0.2882080E-02    0.1708349E-02    0.3221832E-01    0.6114503E-01    0.9686862E-03   -0.7465030E-02
   -0.3033927E-04   -0.6362244E-05    0.1063966E-04   -0.2565843E-02   -0.8491876E-03   -0.1947438E-02   -0.9476684E-05   -0.4241664E-01   -0.1525253E-02   -0.1029156E-02   -0.8165291E-03   -0.3531928E-03   -0.1909776E-02   -0.4035215E-02    0.2558327E-03    0.5050507E-02    0.9740888E-03    0.3748640E-03    0.6211011E-03    0.1223619E-02    0.3535832E+00    0.8779339E-01   -0.2673831E+01    0.1302009E+02   -0.4796945E+01   -0.1193781E+02   -0.1023997E+02    0.5926768E+01   -0.2034947E-01   -0.1328175E+00   -0.2226857E+01   -0.2129574E+01   -0.4101938E-03   -0.1998256E-03    0.1346153E-03   -0.4715553E-05   -0.2060986E-02   -0.1368728E-01   -0.6146165E-03    0.1467509E-02    0.3885570E-02    0.3389970E-02    0.3742827E-02    0.1889942E-02   -0.1128984E-03    0.1704732E-03
    0.2005433E-05   -0.2601064E-05    0.3963158E-05   -0.1031557E-02   -0.2515835E-03    0.2572252E-03   -0.1933459E-04    0.1411899E-01   -0.5210144E-05   -0.4513105E-04   -0.3650575E-03    0.1227030E-02    0.6539613E-04   -0.9479301E-03    0.3325422E-02    0.6540423E-02   -0.3151550E-03   -0.6332890E-03    0.7150437E-03    0.2645086E-03    0.1072217E+00   -0.1909847E-01   -0.1284134E+00   -0.3604025E+01   -0.3593934E+00   -0.7444069E+00   -0.3618512E+00   -0.2034947E-01    0.3493030E+01    0.4365299E+00    0.4978771E-01    0.9061713E-01    0.1519562E-03    0.2081098E-04    0.4088824E-03    0.8966546E-04    0.2684628E-02    0.3693229E-02   -0.1604032E-04    0.5232836E-03    0.1578273E-02    0.2075559E-03   -0.1600984E-02   -0.1195086E-01    0.3134170E-03   -0.4390246E-05
   -0.2783670E-05   -0.3281448E-04   -0.3572725E-05   -0.2882262E-02   -0.5146383E-03   -0.2927385E-04    0.2860737E-04    0.6650166E-02   -0.8269808E-03    0.1694839E-03    0.1462044E-03   -0.3104117E-04    0.1066928E-02    0.9555153E-03    0.4248321E-02    0.1960320E-02   -0.1766838E-02   -0.9052134E-04    0.3324564E-03    0.1012409E-03    0.4069775E+00    0.1126957E-01    0.2039088E-01    0.2790238E+01   -0.9167926E+00   -0.2395701E+00   -0.6524276E+00   -0.1328175E+00    0.4365299E+00    0.3251526E+01    0.2350986E+01    0.1362602E+01    0.1637429E-03    0.7016524E-04    0.1398846E-02    0.1401776E-03    0.2617654E-02   -0.7835214E-02   -0.8946377E-03    0.2561960E-03    0.4105595E-02    0.1727517E-02   -0.3373657E-03   -0.2920120E-03   -0.2825909E-03   -0.2023548E-03
   -0.2153913E-04    0.1103301E-03   -0.1716139E-04    0.4299292E-02   -0.4670287E-03   -0.3133984E-03   -0.1907219E-03    0.2173586E-01   -0.1583606E-02    0.2834689E-03    0.7904009E-03   -0.3437334E-03   -0.1013545E-02   -0.3117751E-02    0.3356332E-02   -0.5074977E-02   -0.2772488E-04   -0.2406234E-02    0.7430854E-03    0.2289487E-03   -0.2539542E+01    0.1593525E+00    0.2299962E+01   -0.1284171E+02    0.5136449E+01    0.6905854E+01    0.6933359E+00   -0.2226857E+01    0.4978771E-01    0.2350986E+01    0.1735636E+02    0.2629887E+02   -0.3444171E-04   -0.2058147E-03    0.2939719E-02   -0.2762867E-03    0.9917363E-02   -0.6019748E-02    0.1958983E-02   -0.4442821E-03    0.1289021E-02   -0.3218364E-02   -0.2974931E-02    0.7026566E-02   -0.3653874E-04    0.2530790E-02
   -0.1207004E-04    0.1111448E-03    0.1490245E-04    0.1525862E-01    0.3218763E-03    0.9153525E-03   -0.9366858E-04    0.2419992E-01   -0.7639102E-03    0.1480030E-02    0.1121093E-02    0.1373909E-02   -0.4043202E-02   -0.2388828E-02    0.6930273E-02   -0.8904889E-02    0.8255623E-02   -0.4042226E-02    0.4723584E-02    0.6106240E-03   -0.2017489E+02    0.2300942E+00    0.2194344E+01   -0.1995575E+02    0.6012141E+01    0.9890521E+01    0.1797517E+02   -0.2129574E+01    0.9061713E-01    0.1362602E+01    0.2629887E+02    0.5636471E+02   -0.5102297E-04   -0.4989559E-03    0.2892741E-02   -0.4174761E-03    0.1619977E-01   -0.3653562E-03    0.2988489E-02   -0.8892710E-03    0.1849417E-02   -0.3386101E-02   -0.1302158E-01   -0.5685275E-02    0.8551727E-04    0.4596933E-02
    0.3478771E-07   -0.3143100E-06    0.1671851E-07   -0.2059719E-05    0.2815008E-06    0.2020436E-05    0.7837277E-06   -0.2752320E-05    0.1153030E-05   -0.1658906E-06    0.6885221E-06    0.2715065E-06    0.5369476E-06   -0.1643572E-07    0.1134799E-04    0.3399513E-06   -0.2456126E-05    0.3120082E-06    0.4086768E-05    0.1169601E-05    0.3228316E-03   -0.3596469E-04    0.2963699E-03   -0.2534869E-02   -0.1345691E-02   -0.7160441E-03   -0.2329537E-03   -0.4101938E-03    0.1519562E-03    0.1637429E-03   -0.3444171E-04   -0.5102297E-04    0.3137649E-04    0.8196050E-05    0.3415760E-06    0.2505596E-05   -0.8743587E-06    0.7211740E-05   -0.3340307E-05    0.5323892E-06   -0.1187982E-04   -0.4299817E-05   -0.1246517E-04   -0.2597237E-06   -0.1457275E-07   -0.3089257E-07
    0.1629927E-07   -0.2098326E-06   -0.6935740E-08   -0.4003212E-05   -0.6998938E-07    0.1764476E-05    0.4476454E-06   -0.1000707E-03    0.2015030E-05    0.1053729E-05    0.4417403E-06    0.9326473E-06   -0.6521105E-06    0.5117903E-05    0.7010666E-05    0.5777107E-05    0.4312955E-05   -0.6693330E-07    0.4442842E-05    0.5743372E-06    0.5135606E-03   -0.2176066E-05    0.5088103E-04   -0.2628351E-03   -0.9958957E-03   -0.4616179E-03   -0.8532870E-03   -0.1998256E-03    0.2081098E-04    0.7016524E-04   -0.2058147E-03   -0.4989559E-03    0.8196050E-05    0.2389026E-04   -0.1117735E-05    0.1177856E-04   -0.1779971E-05    0.5578408E-05   -0.5139533E-05    0.1106575E-05    0.2275447E-05   -0.7694673E-06    0.5116512E-05    0.2979574E-04    0.2567373E-07    0.8792437E-08
   -0.6403060E-07    0.2846072E-06   -0.6006552E-07    0.2430430E-07    0.4857807E-05   -0.1012688E-05    0.2758264E-05    0.1155478E-03   -0.1787331E-05   -0.3401068E-05   -0.2029436E-06   -0.7225147E-05    0.5844145E-05   -0.1392987E-04   -0.1719552E-04    0.1222553E-05   -0.2407421E-04    0.2328438E-05   -0.1187185E-04   -0.7368106E-05    0.2692274E-02   -0.4105931E-04    0.1092866E-04    0.2515300E-01    0.4942966E-03   -0.1654354E-02   -0.2887123E-02    0.1346153E-03    0.4088824E-03    0.1398846E-02    0.2939719E-02    0.2892741E-02    0.3415760E-06   -0.1117735E-05    0.1049632E-02   -0.6960868E-08    0.9116681E-05   -0.9249010E-05   -0.3704193E-04    0.9480228E-06    0.2640212E-04    0.1867151E-04   -0.3859437E-05    0.7445502E-04    0.1205982E-06   -0.6080489E-07
    0.4397655E-07   -0.3737237E-06    0.2016960E-07   -0.2296133E-05    0.1022525E-05    0.2091243E-05    0.1122060E-05   -0.4921242E-04    0.1874394E-05    0.9892489E-06   -0.9855249E-06    0.9978225E-06   -0.3443985E-05    0.3051916E-05    0.9530898E-05    0.4273626E-05   -0.1002758E-05   -0.5802487E-06    0.6571280E-05    0.1122382E-05   -0.1001337E-03    0.1297057E-04    0.2267648E-03   -0.4087459E-02   -0.2375595E-02   -0.2639119E-03    0.2905327E-03   -0.4715553E-05    0.8966546E-04    0.1401776E-03   -0.2762867E-03   -0.4174761E-03    0.2505596E-05    0.1177856E-04   -0.6960868E-08    0.4731132E-04    0.2138519E-05    0.1009269E-04    0.4915608E-05    0.3826688E-05    0.1056587E-04   -0.3170908E-05    0.8121736E-05   -0.2146233E-04   -0.5995907E-07   -0.1500449E-07
    0.2658833E-06   -0.8141102E-06    0.1081630E-06    0.6737690E-04   -0.1770499E-05    0.2103853E-05   -0.3757256E-06   -0.2306404E-03    0.1102871E-04   -0.5255869E-05    0.7783277E-05    0.5322160E-05    0.1572616E-04   -0.2078898E-04    0.5261127E-04    0.2510797E-04   -0.3701306E-04   -0.1312539E-04    0.5769623E-04    0.1785713E-05   -0.5493913E-02    0.1996798E-03    0.1417352E-03   -0.3247061E-02    0.8353650E-02    0.4092391E-02    0.4881712E-02   -0.2060986E-02    0.2684628E-02    0.2617654E-02    0.9917363E-02    0.1619977E-01   -0.8743587E-06   -0.1779971E-05    0.9116681E-05    0.2138519E-05    0.2265827E-02   -0.1921989E-04   -0.4736728E-06   -0.2178585E-04    0.4228478E-04    0.5924322E-04    0.3390325E-04    0.1175406E-03    0.9783121E-07    0.9658431E-06
   -0.1812749E-06    0.1149481E-05   -0.1010717E-06    0.3311431E-04    0.2258347E-04   -0.6018278E-05    0.6199736E-05   -0.1268039E-03   -0.4403879E-04    0.7163291E-05    0.7523049E-05    0.2794147E-04   -0.1325010E-03   -0.4863234E-04   -0.4892089E-04    0.1673892E-03    0.1106877E-03    0.6000530E-04   -0.1004329E-03   -0.3820731E-04   -0.1325397E-02   -0.2041525E-03    0.1021087E-02    0.2418873E-01    0.3486868E-01    0.3783954E-01    0.2797163E-01   -0.1368728E-01    0.3693229E-02   -0.7835214E-02   -0.6019748E-02   -0.3653562E-03    0.7211740E-05    0.5578408E-05   -0.9249010E-05    0.1009269E-04   -0.1921989E-04    0.1714139E-01   -0.7070241E-04    0.1171700E-04    0.6604033E-04   -0.4599232E-04   -0.3030746E-03   -0.1814442E-03    0.2832238E-05   -0.2180863E-05
   -0.1183655E-06    0.8217005E-06   -0.7588948E-07   -0.3524139E-04    0.2721879E-05   -0.1203068E-05    0.5810640E-06    0.1038749E-03    0.5890097E-05   -0.1303059E-05    0.1231523E-05    0.1347523E-04    0.9786484E-05   -0.2037968E-04   -0.6097408E-04    0.1968560E-04   -0.5220463E-04   -0.1236370E-05   -0.4050663E-04    0.4189557E-05    0.8308766E-03   -0.2900612E-03    0.8738115E-03    0.8097326E-02   -0.8758910E-03   -0.4280497E-02   -0.1028428E-02   -0.6146165E-03   -0.1604032E-04   -0.8946377E-03    0.1958983E-02    0.2988489E-02   -0.3340307E-05   -0.5139533E-05   -0.3704193E-04    0.4915608E-05   -0.4736728E-06   -0.7070241E-04    0.1424091E-02    0.2678283E-03    0.6340549E-04   -0.3837755E-03   -0.2120694E-03   -0.2475540E-03   -0.6420043E-07    0.7654974E-06
    0.5189725E-07   -0.6038441E-06   -0.2855651E-06   -0.1875225E-04    0.1509605E-05    0.3563770E-06    0.2019346E-05    0.1098008E-03    0.3574465E-05   -0.4442333E-05    0.3117585E-06   -0.2041901E-05   -0.1481638E-05   -0.2833553E-04    0.1011896E-04    0.3245060E-04   -0.3011130E-04    0.5187811E-06    0.3746812E-05   -0.2582633E-05    0.2965625E-02   -0.1993645E-03    0.3776401E-03   -0.7771877E-02   -0.9188216E-02   -0.9030912E-02   -0.6400998E-02    0.1467509E-02    0.5232836E-03    0.2561960E-03   -0.4442821E-03   -0.8892710E-03    0.5323892E-06    0.1106575E-05    0.9480228E-06    0.3826688E-05   -0.2178585E-04    0.1171700E-04    0.2678283E-03    0.8539001E-03    0.3381004E-04    0.7370118E-03    0.6327196E-04   -0.6603777E-03   -0.5953818E-06    0.3704798E-06
   -0.1215833E-06    0.2382331E-06    0.4286682E-07    0.3196167E-04    0.5853042E-06    0.3125323E-05    0.1150218E-05   -0.2053254E-02   -0.2103180E-05    0.7205262E-05    0.1315952E-05    0.1648753E-04    0.9279207E-05    0.4385292E-04   -0.5359647E-05   -0.1653754E-03   -0.4811378E-04    0.1607423E-05    0.5267877E-06    0.1126722E-04   -0.4212319E-02    0.7072199E-03   -0.4842207E-02   -0.2149218E-01    0.7185297E-02    0.8101125E-02    0.2882080E-02    0.3885570E-02    0.1578273E-02    0.4105595E-02    0.1289021E-02    0.1849417E-02   -0.1187982E-04    0.2275447E-05    0.2640212E-04    0.1056587E-04    0.4228478E-04    0.6604033E-04    0.6340549E-04    0.3381004E-04    0.7013155E-02   -0.2319984E-03    0.1580090E-02    0.5687812E-02   -0.1131089E-05    0.3062545E-06
   -0.9526968E-07   -0.7771441E-07   -0.6341946E-06   -0.5299128E-04    0.2382922E-05   -0.2623656E-05    0.2509458E-05    0.4898582E-03   -0.3171972E-05   -0.1485288E-04    0.1033606E-04    0.1309890E-05   -0.9641958E-05   -0.7726224E-05    0.5881112E-05    0.3563289E-04   -0.6939173E-04   -0.1289606E-04   -0.1920741E-05    0.1002200E-04   -0.6976286E-03   -0.2314151E-04   -0.1849225E-02    0.6458652E-02   -0.3705621E-02   -0.5665277E-02    0.1708349E-02    0.3389970E-02    0.2075559E-03    0.1727517E-02   -0.3218364E-02   -0.3386101E-02   -0.4299817E-05   -0.7694673E-06    0.1867151E-04   -0.3170908E-05    0.5924322E-04   -0.4599232E-04   -0.3837755E-03    0.7370118E-03   -0.2319984E-03    0.2907613E-02    0.1162675E-02   -0.1641110E-03   -0.5662197E-06   -0.5212842E-06
   -0.1313368E-05    0.9869364E-06   -0.7254895E-06    0.1709934E-04   -0.9782513E-05    0.1049116E-04   -0.9068799E-06   -0.1364406E-03   -0.1826685E-04   -0.4305423E-04    0.1479117E-04   -0.2918935E-04   -0.7606260E-04   -0.1694726E-04   -0.1581001E-04    0.1228023E-03    0.5901661E-04    0.2658128E-04   -0.5812072E-04    0.2480314E-04   -0.1783893E-01    0.1635025E-02   -0.1004751E-02   -0.9788469E-01    0.2904047E-01    0.4821823E-01    0.3221832E-01    0.3742827E-02   -0.1600984E-02   -0.3373657E-03   -0.2974931E-02   -0.1302158E-01   -0.1246517E-04    0.5116512E-05   -0.3859437E-05    0.8121736E-05    0.3390325E-04   -0.3030746E-03   -0.2120694E-03    0.6327196E-04    0.1580090E-02    0.1162675E-02    0.1624733E-01    0.1949403E-01   -0.2154456E-05   -0.2914981E-05
   -0.2928763E-05    0.4144925E-05    0.6743154E-07    0.9926964E-04   -0.2610965E-04    0.3029662E-04   -0.8999970E-05   -0.4938513E-02   -0.4894331E-05   -0.6508512E-04    0.2997012E-05   -0.5816326E-04   -0.1317734E-03    0.1042567E-03    0.1211607E-03   -0.2379801E-03    0.2328494E-03   -0.4619792E-04   -0.1600702E-04   -0.7153774E-06   -0.4910938E-01    0.3684496E-02   -0.8179351E-02   -0.2059826E+00    0.8039477E-01    0.9074617E-01    0.6114503E-01    0.1889942E-02   -0.1195086E-01   -0.2920120E-03    0.7026566E-02   -0.5685275E-02   -0.2597237E-06    0.2979574E-04    0.7445502E-04   -0.2146233E-04    0.1175406E-03   -0.1814442E-03   -0.2475540E-03   -0.6603777E-03    0.5687812E-02   -0.1641110E-03    0.1949403E-01    0.7980493E-01   -0.8380286E-05   -0.1200567E-04
    0.1718946E-08    0.5100715E-08   -0.4152808E-08    0.2244640E-05    0.1692651E-06   -0.1269090E-06   -0.2888069E-07    0.2153231E-05    0.1572231E-06    0.1186751E-06    0.1293472E-06    0.2982208E-07   -0.4160406E-06   -0.1480401E-06   -0.9544534E-06   -0.7453403E-06    0.9782851E-06   -0.2098059E-07    0.6374566E-06   -0.4873666E-07   -0.4729479E-03    0.1405362E-04    0.1504837E-03    0.6297875E-02    0.2176615E-03    0.9121767E-03    0.9686862E-03   -0.1128984E-03    0.3134170E-03   -0.2825909E-03   -0.3653874E-04    0.8551727E-04   -0.1457275E-07    0.2567373E-07    0.1205982E-06   -0.5995907E-07    0.9783121E-07    0.2832238E-05   -0.6420043E-07   -0.5953818E-06   -0.1131089E-05   -0.5662197E-06   -0.2154456E-05   -0.8380286E-05    0.5911596E-06   -0.2759568E-07
   -0.1488242E-07    0.3309585E-07    0.2581464E-08    0.9749410E-06    0.3974152E-08   -0.3726362E-06    0.2958667E-07   -0.1060469E-05   -0.2315591E-06   -0.9660323E-07   -0.1276887E-06   -0.2580537E-06    0.8603590E-06   -0.1461926E-06   -0.1196548E-05   -0.3786967E-05    0.1249774E-05   -0.1063709E-05    0.5779469E-06    0.2635062E-06    0.4279617E-02   -0.9282320E-05   -0.3757730E-03    0.3912827E-02    0.2719466E-03   -0.2383899E-02   -0.7465030E-02    0.1704732E-03   -0.4390246E-05   -0.2023548E-03    0.2530790E-02    0.4596933E-02   -0.3089257E-07    0.8792437E-08   -0.6080489E-07   -0.1500449E-07    0.9658431E-06   -0.2180863E-05    0.7654974E-06    0.3704798E-06    0.3062545E-06   -0.5212842E-06   -0.2914981E-05   -0.1200567E-04   -0.2759568E-07    0.2083131E-05
