# omegabh2 omegach2 theta mnu logA ns ampia a1phot a2phot a3phot a4phot a5phot a6phot a7phot meadnuis2 calPlanck alpha_SZ ystar_SZ bias_SZ scatter_SZ
    0.3080125E-05    0.3018618E-05    0.2407096E-05    0.1149412E-04    0.4465938E-05    0.6794446E-06   -0.1829526E-03    0.1363576E-05    0.5281599E-06    0.1903018E-07   -0.6376155E-06    0.1126322E-05    0.5886829E-05    0.9059513E-06   -0.4834440E-05    0.2044592E-06   -0.1188990E-04    0.1086124E-05    0.6980846E-05   -0.1405911E-07
    0.3018618E-05    0.6777300E-05    0.4126231E-05   -0.4600593E-04    0.5333719E-05   -0.5378897E-05    0.5930215E-03    0.1884779E-05    0.6074414E-06   -0.4150565E-06   -0.1101374E-05   -0.6849843E-05   -0.7928810E-05   -0.2956748E-05   -0.8600655E-05   -0.2889748E-06   -0.3561350E-05   -0.2464637E-05   -0.1078524E-03    0.1595914E-06
    0.2407096E-05    0.4126231E-05    0.1701743E-04    0.5460962E-03    0.1277343E-03   -0.5922685E-05   -0.1401098E-03    0.4489990E-05   -0.1592780E-05   -0.6638078E-06   -0.6290559E-05    0.1015004E-04    0.1496811E-04    0.3471026E-05    0.1878446E-04    0.4118275E-06   -0.2225521E-04    0.7599496E-06    0.3667916E-04    0.3639113E-06
    0.1149412E-04   -0.4600593E-04    0.5460962E-03    0.2969613E-01    0.5050790E-02    0.5814811E-04   -0.2822145E-01    0.1995381E-03   -0.5787768E-04   -0.1584457E-05   -0.1451684E-03    0.6196551E-03    0.1183661E-02    0.2748836E-03    0.1574914E-02    0.2108367E-04    0.1968150E-03    0.1496881E-03    0.6635864E-02    0.9015365E-05
    0.4465938E-05    0.5333719E-05    0.1277343E-03    0.5050790E-02    0.1173630E-02   -0.2450786E-04   -0.2105293E-02    0.2562496E-04   -0.1379162E-04   -0.9779582E-05   -0.4499344E-04    0.1055590E-03    0.1625027E-03    0.3591007E-04    0.2102741E-03    0.1397873E-04   -0.1587158E-03    0.1145068E-04    0.6208506E-03    0.3538051E-05
    0.6794446E-06   -0.5378897E-05   -0.5922685E-05    0.5814811E-04   -0.2450786E-04    0.1813872E-03   -0.1071901E-03    0.8051528E-05    0.5430441E-05   -0.2216724E-05    0.4197064E-05    0.1814109E-04    0.2815485E-04   -0.3965908E-04   -0.3385769E-04    0.1858210E-05    0.9212349E-04   -0.2480080E-06    0.7455715E-04   -0.2717358E-05
   -0.1829526E-03    0.5930215E-03   -0.1401098E-03   -0.2822145E-01   -0.2105293E-02   -0.1071901E-03    0.6868488E+00    0.1400957E-02    0.1044157E-02   -0.1745160E-03    0.4013337E-03   -0.4478221E-03   -0.4339749E-02   -0.4890055E-02    0.7219354E-02   -0.2005611E-04    0.2605771E-02   -0.1286741E-02   -0.2810024E-01    0.2182182E-03
    0.1363576E-05    0.1884779E-05    0.4489990E-05    0.1995381E-03    0.2562496E-04    0.8051528E-05    0.1400957E-02    0.1716844E-03    0.2572623E-05   -0.1952314E-05    0.2204043E-04   -0.6673328E-05    0.5158082E-04    0.2230667E-04    0.3323790E-04   -0.1199088E-05    0.9042322E-05    0.4629510E-05    0.1943236E-04    0.1333733E-05
    0.5281599E-06    0.6074414E-06   -0.1592780E-05   -0.5787768E-04   -0.1379162E-04    0.5430441E-05    0.1044157E-02    0.2572623E-05    0.9414779E-04   -0.2589588E-05    0.8565033E-05   -0.6752339E-05   -0.2349383E-04   -0.4774975E-04    0.2650787E-04   -0.1149904E-05   -0.2344045E-05    0.4805257E-06   -0.1434741E-04    0.2738066E-05
    0.1903018E-07   -0.4150565E-06   -0.6638078E-06   -0.1584457E-05   -0.9779582E-05   -0.2216724E-05   -0.1745160E-03   -0.1952314E-05   -0.2589588E-05    0.6101975E-04    0.5506711E-05    0.2416718E-05    0.1104611E-04    0.2554020E-04    0.7561562E-05   -0.8650927E-06   -0.1962103E-05   -0.3118977E-05    0.2902819E-04   -0.6063862E-06
   -0.6376155E-06   -0.1101374E-05   -0.6290559E-05   -0.1451684E-03   -0.4499344E-04    0.4197064E-05    0.4013337E-03    0.2204043E-04    0.8565033E-05    0.5506711E-05    0.2579660E-03    0.4981743E-04    0.3914659E-04   -0.4174047E-04   -0.5371978E-04   -0.3927565E-05    0.3159381E-04   -0.6369276E-05    0.1088412E-05   -0.1198199E-06
    0.1126322E-05   -0.6849843E-05    0.1015004E-04    0.6196551E-03    0.1055590E-03    0.1814109E-04   -0.4478221E-03   -0.6673328E-05   -0.6752339E-05    0.2416718E-05    0.4981743E-04    0.9105960E-03    0.9867348E-04    0.1058227E-03   -0.8602845E-04    0.3169290E-05   -0.3395934E-04   -0.5874124E-05    0.3359159E-03   -0.2688971E-05
    0.5886829E-05   -0.7928810E-05    0.1496811E-04    0.1183661E-02    0.1625027E-03    0.2815485E-04   -0.4339749E-02    0.5158082E-04   -0.2349383E-04    0.1104611E-04    0.3914659E-04    0.9867348E-04    0.2730499E-02    0.6344526E-04   -0.2853896E-03    0.7387363E-06   -0.6289132E-04    0.2946370E-04    0.5534031E-03    0.5285586E-05
    0.9059513E-06   -0.2956748E-05    0.3471026E-05    0.2748836E-03    0.3591007E-04   -0.3965908E-04   -0.4890055E-02    0.2230667E-04   -0.4774975E-04    0.2554020E-04   -0.4174047E-04    0.1058227E-03    0.6344526E-04    0.3068165E-02   -0.1511778E-03    0.5972455E-08   -0.5010852E-04   -0.4020473E-05    0.1831945E-03   -0.1313533E-05
   -0.4834440E-05   -0.8600655E-05    0.1878446E-04    0.1574914E-02    0.2102741E-03   -0.3385769E-04    0.7219354E-02    0.3323790E-04    0.2650787E-04    0.7561562E-05   -0.5371978E-04   -0.8602845E-04   -0.2853896E-03   -0.1511778E-03    0.5261745E-02   -0.3354753E-05    0.4482151E-04   -0.4913796E-05    0.4638403E-03    0.9120456E-05
    0.2044592E-06   -0.2889748E-06    0.4118275E-06    0.2108367E-04    0.1397873E-04    0.1858210E-05   -0.2005611E-04   -0.1199088E-05   -0.1149904E-05   -0.8650927E-06   -0.3927565E-05    0.3169290E-05    0.7387363E-06    0.5972455E-08   -0.3354753E-05    0.6374489E-05   -0.7814381E-05   -0.4949192E-07    0.2326545E-05    0.2006913E-06
   -0.1188990E-04   -0.3561350E-05   -0.2225521E-04    0.1968150E-03   -0.1587158E-03    0.9212349E-04    0.2605771E-02    0.9042322E-05   -0.2344045E-05   -0.1962103E-05    0.3159381E-04   -0.3395934E-04   -0.6289132E-04   -0.5010852E-04    0.4482151E-04   -0.7814381E-05    0.2368667E-02    0.3311569E-04    0.2105666E-03   -0.6853350E-05
    0.1086124E-05   -0.2464637E-05    0.7599496E-06    0.1496881E-03    0.1145068E-04   -0.2480080E-06   -0.1286741E-02    0.4629510E-05    0.4805257E-06   -0.3118977E-05   -0.6369276E-05   -0.5874124E-05    0.2946370E-04   -0.4020473E-05   -0.4913796E-05   -0.4949192E-07    0.3311569E-04    0.4353863E-03   -0.4030546E-03   -0.2251284E-05
    0.6980846E-05   -0.1078524E-03    0.3667916E-04    0.6635864E-02    0.6208506E-03    0.7455715E-04   -0.2810024E-01    0.1943236E-04   -0.1434741E-04    0.2902819E-04    0.1088412E-05    0.3359159E-03    0.5534031E-03    0.1831945E-03    0.4638403E-03    0.2326545E-05    0.2105666E-03   -0.4030546E-03    0.5532854E-02   -0.9944656E-05
   -0.1405911E-07    0.1595914E-06    0.3639113E-06    0.9015365E-05    0.3538051E-05   -0.2717358E-05    0.2182182E-03    0.1333733E-05    0.2738066E-05   -0.6063862E-06   -0.1198199E-06   -0.2688971E-05    0.5285586E-05   -0.1313533E-05    0.9120456E-05    0.2006913E-06   -0.6853350E-05   -0.2251284E-05   -0.9944656E-05    0.9960125E-04
