# omegabh2 omegach2 theta mnu logA ns ampia redzia lumia a1phot a2phot a3phot a4phot a5phot a6phot a7phot meadnuis2 calPlanck alpha_SZ ystar_SZ bias_SZ scatter_SZ
    0.3606271E-05    0.3769849E-05    0.2621189E-05   -0.2760524E-05    0.1044016E-06   -0.2133723E-07    0.2598185E-02   -0.1077658E-02    0.1347018E-02    0.1485584E-04   -0.3143536E-05   -0.4877609E-05    0.4579381E-05    0.2904944E-05   -0.1066966E-05    0.9666287E-05   -0.5649560E-05    0.1590160E-06   -0.1265703E-04    0.7031403E-06    0.6680445E-05    0.5551367E-07
    0.3769849E-05    0.7380106E-05    0.3879021E-05   -0.5796612E-04   -0.3351112E-05   -0.5884217E-05    0.4095877E-02   -0.3206798E-02    0.1516162E-02    0.1543813E-04   -0.5690861E-05   -0.3087617E-05    0.7129942E-05   -0.8942135E-05   -0.9648006E-05    0.1381193E-04   -0.5335643E-04    0.2789736E-07   -0.3911264E-05   -0.5471589E-05   -0.6627146E-04   -0.1068841E-06
    0.2621189E-05    0.3879021E-05    0.1611871E-04    0.4999499E-03    0.1230680E-03   -0.5488736E-05    0.2349974E-02   -0.4106252E-02    0.9269861E-02    0.2005651E-04   -0.2468238E-04   -0.1058846E-04   -0.1777045E-05   -0.1263369E-05   -0.2550969E-04    0.3957506E-04    0.8129353E-04    0.3890774E-06   -0.1862891E-04    0.4889521E-05    0.3381690E-04   -0.1501887E-05
   -0.2760524E-05   -0.5796612E-04    0.4999499E-03    0.2643149E-01    0.4992248E-02    0.1133550E-03    0.1737186E+00   -0.8700977E-01    0.3645564E+00    0.4943011E-04   -0.1222555E-02    0.4074451E-05   -0.1068234E-03    0.2682466E-03   -0.7195476E-03    0.1149054E-02    0.4201990E-02    0.1032451E-04    0.3272490E-03    0.4550615E-03    0.4126723E-02   -0.5295483E-04
    0.1044016E-06   -0.3351112E-05    0.1230680E-03    0.4992248E-02    0.1212769E-02   -0.1780827E-04    0.1591709E-01   -0.2875024E-01    0.7148372E-01    0.8027007E-04   -0.2329492E-03   -0.8102169E-04   -0.3969827E-04   -0.2866022E-04   -0.1641990E-03    0.2895854E-03    0.7945008E-03    0.1159824E-04   -0.9503911E-04    0.6053716E-04    0.5158072E-03   -0.1272039E-04
   -0.2133723E-07   -0.5884217E-05   -0.5488736E-05    0.1133550E-03   -0.1780827E-04    0.2164713E-03   -0.6022514E-01    0.1399194E-02    0.2954561E-01    0.3626063E-04   -0.1991694E-04   -0.1400524E-04    0.6476446E-04    0.3007824E-05   -0.2674655E-04    0.4919337E-04    0.2707870E-03    0.3456606E-05    0.1107882E-03    0.8331725E-05    0.4152449E-04   -0.1171477E-05
    0.2598185E-02    0.4095877E-02    0.2349974E-02    0.1737186E+00    0.1591709E-01   -0.6022514E-01    0.8197740E+03   -0.4814759E+02   -0.9307001E+02   -0.1909947E+00    0.2627033E-04    0.1819075E+00   -0.5727714E-01   -0.7878430E-01    0.1457301E+00    0.4739345E-01   -0.2106006E+00   -0.5570448E-02    0.7851726E-02    0.9406817E-02    0.1927237E-01   -0.2018954E-03
   -0.1077658E-02   -0.3206798E-02   -0.4106252E-02   -0.8700977E-01   -0.2875024E-01    0.1399194E-02   -0.4814759E+02    0.3617055E+03    0.4815072E+02    0.3037126E-01   -0.5392709E-01   -0.1182422E+00    0.1464570E-01    0.5237518E-01    0.1073624E-01    0.2471259E-01   -0.1539418E+00    0.1983087E-02    0.4071883E-02   -0.4766720E-02    0.4449771E-01   -0.1826420E-03
    0.1347018E-02    0.1516162E-02    0.9269861E-02    0.3645564E+00    0.7148372E-01    0.2954561E-01   -0.9307001E+02    0.4815072E+02    0.2183215E+03    0.7917547E-01   -0.1342820E-01   -0.9092272E-01    0.1430424E-01    0.5290538E-01   -0.3221427E-01    0.1350650E+00    0.4412241E+00    0.1526929E-02    0.1974816E-02    0.8659299E-02    0.2953784E-01   -0.5140341E-02
    0.1485584E-04    0.1543813E-04    0.2005651E-04    0.4943011E-04    0.8027007E-04    0.3626063E-04   -0.1909947E+00    0.3037126E-01    0.7917547E-01    0.2912668E-02   -0.2033358E-03   -0.1557793E-03    0.8852072E-04   -0.4540790E-04   -0.4272577E-03   -0.2660956E-04    0.1540704E-02    0.1277250E-04   -0.7824951E-04   -0.1353711E-04    0.4747726E-05   -0.1097254E-04
   -0.3143536E-05   -0.5690861E-05   -0.2468238E-04   -0.1222555E-02   -0.2329492E-03   -0.1991694E-04    0.2627033E-04   -0.5392709E-01   -0.1342820E-01   -0.2033358E-03    0.2988483E-02   -0.1194580E-03    0.3014365E-03    0.6788850E-04   -0.1421078E-03    0.1460801E-03    0.2323074E-03   -0.1533745E-05   -0.3308709E-04   -0.3541854E-04   -0.7364250E-04   -0.1374656E-05
   -0.4877609E-05   -0.3087617E-05   -0.1058846E-04    0.4074451E-05   -0.8102169E-04   -0.1400524E-04    0.1819075E+00   -0.1182422E+00   -0.9092272E-01   -0.1557793E-03   -0.1194580E-03    0.2258569E-02    0.6171761E-04   -0.1719000E-04    0.6880292E-04   -0.1121209E-03   -0.1012551E-02   -0.1695741E-04    0.7792333E-04   -0.6250920E-05    0.9640628E-05    0.1237320E-04
    0.4579381E-05    0.7129942E-05   -0.1777045E-05   -0.1068234E-03   -0.3969827E-04    0.6476446E-04   -0.5727714E-01    0.1464570E-01    0.1430424E-01    0.8852072E-04    0.3014365E-03    0.6171761E-04    0.2723610E-02   -0.2099498E-03   -0.1433699E-03    0.7204718E-04   -0.1929520E-03    0.9251206E-05    0.5771977E-04   -0.4661462E-05   -0.8634351E-04    0.1362871E-04
    0.2904944E-05   -0.8942135E-05   -0.1263369E-05    0.2682466E-03   -0.2866022E-04    0.3007824E-05   -0.7878430E-01    0.5237518E-01    0.5290538E-01   -0.4540790E-04    0.6788850E-04   -0.1719000E-04   -0.2099498E-03    0.3021014E-02    0.2953402E-03   -0.4761603E-04    0.5105607E-03   -0.1172310E-04   -0.1207009E-03    0.4282598E-04    0.3148121E-03   -0.2521686E-04
   -0.1066966E-05   -0.9648006E-05   -0.2550969E-04   -0.7195476E-03   -0.1641990E-03   -0.2674655E-04    0.1457301E+00    0.1073624E-01   -0.3221427E-01   -0.4272577E-03   -0.1421078E-03    0.6880292E-04   -0.1433699E-03    0.2953402E-03    0.3292742E-02   -0.4461960E-03   -0.9214681E-03   -0.1279201E-04   -0.4318518E-04    0.3731895E-05    0.7513170E-04    0.2400215E-04
    0.9666287E-05    0.1381193E-04    0.3957506E-04    0.1149054E-02    0.2895854E-03    0.4919337E-04    0.4739345E-01    0.2471259E-01    0.1350650E+00   -0.2660956E-04    0.1460801E-03   -0.1121209E-03    0.7204718E-04   -0.4761603E-04   -0.4461960E-03    0.3451089E-02    0.1781718E-02    0.1822834E-04    0.9693820E-05    0.1167459E-04    0.4621182E-04   -0.1117541E-04
   -0.5649560E-05   -0.5335643E-04    0.8129353E-04    0.4201990E-02    0.7945008E-03    0.2707870E-03   -0.2106006E+00   -0.1539418E+00    0.4412241E+00    0.1540704E-02    0.2323074E-03   -0.1012551E-02   -0.1929520E-03    0.5105607E-03   -0.9214681E-03    0.1781718E-02    0.1791152E+00    0.5182329E-05   -0.2086686E-03    0.2196031E-03    0.1236931E-02   -0.2465266E-03
    0.1590160E-06    0.2789736E-07    0.3890774E-06    0.1032451E-04    0.1159824E-04    0.3456606E-05   -0.5570448E-02    0.1983087E-02    0.1526929E-02    0.1277250E-04   -0.1533745E-05   -0.1695741E-04    0.9251206E-05   -0.1172310E-04   -0.1279201E-04    0.1822834E-04    0.5182329E-05    0.6707683E-05   -0.1270683E-05   -0.2443277E-06   -0.5534606E-05    0.1807819E-06
   -0.1265703E-04   -0.3911264E-05   -0.1862891E-04    0.3272490E-03   -0.9503911E-04    0.1107882E-03    0.7851726E-02    0.4071883E-02    0.1974816E-02   -0.7824951E-04   -0.3308709E-04    0.7792333E-04    0.5771977E-04   -0.1207009E-03   -0.4318518E-04    0.9693820E-05   -0.2086686E-03   -0.1270683E-05    0.2334870E-02    0.4671355E-04    0.1362449E-03   -0.9952016E-05
    0.7031403E-06   -0.5471589E-05    0.4889521E-05    0.4550615E-03    0.6053716E-04    0.8331725E-05    0.9406817E-02   -0.4766720E-02    0.8659299E-02   -0.1353711E-04   -0.3541854E-04   -0.6250920E-05   -0.4661462E-05    0.4282598E-04    0.3731895E-05    0.1167459E-04    0.2196031E-03   -0.2443277E-06    0.4671355E-04    0.4179753E-03   -0.2314593E-03   -0.6519598E-05
    0.6680445E-05   -0.6627146E-04    0.3381690E-04    0.4126723E-02    0.5158072E-03    0.4152449E-04    0.1927237E-01    0.4449771E-01    0.2953784E-01    0.4747726E-05   -0.7364250E-04    0.9640628E-05   -0.8634351E-04    0.3148121E-03    0.7513170E-04    0.4621182E-04    0.1236931E-02   -0.5534606E-05    0.1362449E-03   -0.2314593E-03    0.2659557E-02   -0.5061728E-05
    0.5551367E-07   -0.1068841E-06   -0.1501887E-05   -0.5295483E-04   -0.1272039E-04   -0.1171477E-05   -0.2018954E-03   -0.1826420E-03   -0.5140341E-02   -0.1097254E-04   -0.1374656E-05    0.1237320E-04    0.1362871E-04   -0.2521686E-04    0.2400215E-04   -0.1117541E-04   -0.2465266E-03    0.1807819E-06   -0.9952016E-05   -0.6519598E-05   -0.5061728E-05    0.1022263E-03
